size,year,buyer,totalS,totalK,total
334015,1780,Settlers (Sold by Sulpicians),334015,539555016,539889031
387380,1780,Settlers (Sold by Sulpicians),721395,539167636,539889031
296840,1780,Settlers (Sold by Sulpicians),1018235,538870796,539889031
373018,1780,Settlers (Sold by Sulpicians),1391253,538497778,539889031
342323,1780,Settlers (Sold by Sulpicians),1733576,538155455,539889031
360645,1780,Settlers (Sold by Sulpicians),2094221,537794810,539889031
332265,1780,Settlers (Sold by Sulpicians),2426486,537462545,539889031
391716,1780,Settlers (Sold by Sulpicians),2818202,537070829,539889031
343185,1780,Settlers (Sold by Sulpicians),3161387,536727644,539889031
284588,1780,Settlers (Sold by Sulpicians),3445975,536443056,539889031
298246,1780,Settlers (Sold by Sulpicians),3744221,536144810,539889031
293157,1780,Settlers (Sold by Sulpicians),4037378,535851653,539889031
238219,1780,Settlers (Sold by Sulpicians),4275597,535613434,539889031
227166,1780,Settlers (Sold by Sulpicians),4502763,535386268,539889031
325336,1780,Settlers (Sold by Sulpicians),4828099,535060932,539889031
290524,1780,Settlers (Sold by Sulpicians),5118623,534770408,539889031
272911,1780,Settlers (Sold by Sulpicians),5391534,534497497,539889031
336643,1780,Settlers (Sold by Sulpicians),5728177,534160854,539889031
265087,1780,Settlers (Sold by Sulpicians),5993264,533895767,539889031
245227,1780,Settlers (Sold by Sulpicians),6238491,533650540,539889031
281027,1780,Settlers (Sold by Sulpicians),6519518,533369513,539889031
291989,1780,Settlers (Sold by Sulpicians),6811507,533077524,539889031
286449,1780,Settlers (Sold by Sulpicians),7097956,532791075,539889031
347956,1780,Settlers (Sold by Sulpicians),7445912,532443119,539889031
283281,1780,Settlers (Sold by Sulpicians),7729193,532159838,539889031
311665,1780,Settlers (Sold by Sulpicians),8040858,531848173,539889031
309151,1780,Settlers (Sold by Sulpicians),8350009,531539022,539889031
302955,1780,Settlers (Sold by Sulpicians),8652964,531236067,539889031
251693,1780,Settlers (Sold by Sulpicians),8904657,530984374,539889031
312792,1780,Settlers (Sold by Sulpicians),9217449,530671582,539889031
773265,1780,Settlers (Sold by Sulpicians),9990714,529898317,539889031
687493,1780,Settlers (Sold by Sulpicians),10678207,529210824,539889031
304113,1780,Settlers (Sold by Sulpicians),10982320,528906711,539889031
168490,1780,Settlers (Sold by Sulpicians),11150810,528738221,539889031
345174,1780,Settlers (Sold by Sulpicians),11495984,528393047,539889031
258433,1780,Settlers (Sold by Sulpicians),11754417,528134614,539889031
191426,1780,Settlers (Sold by Sulpicians),11945843,527943188,539889031
163112,1780,Settlers (Sold by Sulpicians),12108955,527780076,539889031
160089,1780,Settlers (Sold by Sulpicians),12269044,527619987,539889031
180025,1780,Settlers (Sold by Sulpicians),12449069,527439962,539889031
176527,1780,Settlers (Sold by Sulpicians),12625596,527263435,539889031
326698,1780,Settlers (Sold by Sulpicians),12952294,526936737,539889031
284703,1780,Settlers (Sold by Sulpicians),13236997,526652034,539889031
317349,1780,Settlers (Sold by Sulpicians),13554346,526334685,539889031
298033,1780,Settlers (Sold by Sulpicians),13852379,526036652,539889031
319888,1780,Settlers (Sold by Sulpicians),14172267,525716764,539889031
461407,1780,Settlers (Sold by Sulpicians),14633674,525255357,539889031
370664,1780,Settlers (Sold by Sulpicians),15004338,524884693,539889031
434135,1780,Settlers (Sold by Sulpicians),15438473,524450558,539889031
306046,1780,Settlers (Sold by Sulpicians),15744519,524144512,539889031
328232,1780,Settlers (Sold by Sulpicians),16072751,523816280,539889031
325371,1780,Settlers (Sold by Sulpicians),16398122,523490909,539889031
162256,1780,Settlers (Sold by Sulpicians),16560378,523328653,539889031
264608,1780,Settlers (Sold by Sulpicians),16824986,523064045,539889031
360901,1780,Settlers (Sold by Sulpicians),17185887,522703144,539889031
379335,1780,Settlers (Sold by Sulpicians),17565222,522323809,539889031
376358,1780,Settlers (Sold by Sulpicians),17941580,521947451,539889031
331693,1780,Settlers (Sold by Sulpicians),18273273,521615758,539889031
322780,1780,Settlers (Sold by Sulpicians),18596053,521292978,539889031
528159,1780,Settlers (Sold by Sulpicians),19124212,520764819,539889031
310606,1780,Settlers (Sold by Sulpicians),19434818,520454213,539889031
307996,1780,Settlers (Sold by Sulpicians),19742814,520146217,539889031
274713,1780,Settlers (Sold by Sulpicians),20017527,519871504,539889031
358431,1780,Settlers (Sold by Sulpicians),20375958,519513073,539889031
327813,1780,Settlers (Sold by Sulpicians),20703771,519185260,539889031
290365,1780,Settlers (Sold by Sulpicians),20994136,518894895,539889031
405380,1781,Settlers (Sold by Sulpicians),21399516,518489515,539889031
377760,1781,Settlers (Sold by Sulpicians),21777276,518111755,539889031
385480,1781,Settlers (Sold by Sulpicians),22162756,517726275,539889031
403042,1781,Settlers (Sold by Sulpicians),22565798,517323233,539889031
429944,1781,Settlers (Sold by Sulpicians),22995742,516893289,539889031
371390,1781,Settlers (Sold by Sulpicians),23367132,516521899,539889031
385255,1781,Settlers (Sold by Sulpicians),23752387,516136644,539889031
319384,1781,Settlers (Sold by Sulpicians),24071771,515817260,539889031
386573,1781,Settlers (Sold by Sulpicians),24458344,515430687,539889031
281449,1781,Settlers (Sold by Sulpicians),24739793,515149238,539889031
281102,1781,Settlers (Sold by Sulpicians),25020895,514868136,539889031
304403,1781,Settlers (Sold by Sulpicians),25325298,514563733,539889031
314777,1781,Settlers (Sold by Sulpicians),25640075,514248956,539889031
296883,1781,Settlers (Sold by Sulpicians),25936958,513952073,539889031
290459,1781,Settlers (Sold by Sulpicians),26227417,513661614,539889031
318601,1781,Settlers (Sold by Sulpicians),26546018,513343013,539889031
274439,1781,Settlers (Sold by Sulpicians),26820457,513068574,539889031
266614,1781,Settlers (Sold by Sulpicians),27087071,512801960,539889031
346146,1781,Settlers (Sold by Sulpicians),27433217,512455814,539889031
303532,1781,Settlers (Sold by Sulpicians),27736749,512152282,539889031
336423,1781,Settlers (Sold by Sulpicians),28073172,511815859,539889031
292485,1781,Settlers (Sold by Sulpicians),28365657,511523374,539889031
297143,1781,Settlers (Sold by Sulpicians),28662800,511226231,539889031
318370,1781,Settlers (Sold by Sulpicians),28981170,510907861,539889031
304882,1781,Settlers (Sold by Sulpicians),29286052,510602979,539889031
320754,1781,Settlers (Sold by Sulpicians),29606806,510282225,539889031
298675,1781,Settlers (Sold by Sulpicians),29905481,509983550,539889031
410866,1781,Settlers (Sold by Sulpicians),30316347,509572684,539889031
304385,1781,Settlers (Sold by Sulpicians),30620732,509268299,539889031
324996,1781,Settlers (Sold by Sulpicians),30945728,508943303,539889031
307166,1781,Settlers (Sold by Sulpicians),31252894,508636137,539889031
318227,1781,Settlers (Sold by Sulpicians),31571121,508317910,539889031
309242,1781,Settlers (Sold by Sulpicians),31880363,508008668,539889031
306107,1781,Settlers (Sold by Sulpicians),32186470,507702561,539889031
313808,1781,Settlers (Sold by Sulpicians),32500278,507388753,539889031
304329,1781,Settlers (Sold by Sulpicians),32804607,507084424,539889031
378534,1781,Settlers (Sold by Sulpicians),33183141,506705890,539889031
342852,1781,Settlers (Sold by Sulpicians),33525993,506363038,539889031
306187,1781,Settlers (Sold by Sulpicians),33832180,506056851,539889031
378057,1781,Settlers (Sold by Sulpicians),34210237,505678794,539889031
363213,1781,Settlers (Sold by Sulpicians),34573450,505315581,539889031
272269,1781,Settlers (Sold by Sulpicians),34845719,505043312,539889031
531712,1781,Settlers (Sold by Sulpicians),35377431,504511600,539889031
307194,1781,Settlers (Sold by Sulpicians),35684625,504204406,539889031
176977,1781,Settlers (Sold by Sulpicians),35861602,504027429,539889031
365667,1781,Settlers (Sold by Sulpicians),36227269,503661762,539889031
878669,1781,Settlers (Sold by Sulpicians),37105938,502783093,539889031
214182,1781,Settlers (Sold by Sulpicians),37320120,502568911,539889031
423981,1781,Settlers (Sold by Sulpicians),37744101,502144930,539889031
409023,1781,Settlers (Sold by Sulpicians),38153124,501735907,539889031
409449,1782,Settlers (Sold by Sulpicians),38562573,501326458,539889031
228804,1782,Settlers (Sold by Sulpicians),38791377,501097654,539889031
267902,1782,Settlers (Sold by Sulpicians),39059279,500829752,539889031
219777,1782,Settlers (Sold by Sulpicians),39279056,500609975,539889031
410555,1782,Settlers (Sold by Sulpicians),39689611,500199420,539889031
343630,1782,Settlers (Sold by Sulpicians),40033241,499855790,539889031
388446,1782,Settlers (Sold by Sulpicians),40421687,499467344,539889031
365121,1782,Settlers (Sold by Sulpicians),40786808,499102223,539889031
320315,1782,Settlers (Sold by Sulpicians),41107123,498781908,539889031
304870,1782,Settlers (Sold by Sulpicians),41411993,498477038,539889031
300499,1782,Settlers (Sold by Sulpicians),41712492,498176539,539889031
292733,1782,Settlers (Sold by Sulpicians),42005225,497883806,539889031
300416,1782,Settlers (Sold by Sulpicians),42305641,497583390,539889031
232224,1782,Settlers (Sold by Sulpicians),42537865,497351166,539889031
375375,1782,Settlers (Sold by Sulpicians),42913240,496975791,539889031
314142,1782,Settlers (Sold by Sulpicians),43227382,496661649,539889031
320424,1782,Settlers (Sold by Sulpicians),43547806,496341225,539889031
313599,1782,Settlers (Sold by Sulpicians),43861405,496027626,539889031
217480,1782,Settlers (Sold by Sulpicians),44078885,495810146,539889031
291220,1782,Settlers (Sold by Sulpicians),44370105,495518926,539889031
361136,1782,Settlers (Sold by Sulpicians),44731241,495157790,539889031
414459,1783,Settlers (Sold by Sulpicians),45145700,494743331,539889031
421829,1783,Settlers (Sold by Sulpicians),45567529,494321502,539889031
444727,1783,Settlers (Sold by Sulpicians),46012256,493876775,539889031
382474,1783,Settlers (Sold by Sulpicians),46394730,493494301,539889031
400855,1783,Settlers (Sold by Sulpicians),46795585,493093446,539889031
371054,1783,Settlers (Sold by Sulpicians),47166639,492722392,539889031
370547,1783,Settlers (Sold by Sulpicians),47537186,492351845,539889031
500207,1783,Settlers (Sold by Sulpicians),48037393,491851638,539889031
387431,1783,Settlers (Sold by Sulpicians),48424824,491464207,539889031
405089,1783,Settlers (Sold by Sulpicians),48829913,491059118,539889031
297263,1783,Settlers (Sold by Sulpicians),49127176,490761855,539889031
312409,1783,Settlers (Sold by Sulpicians),49439585,490449446,539889031
293167,1783,Settlers (Sold by Sulpicians),49732752,490156279,539889031
325693,1783,Settlers (Sold by Sulpicians),50058445,489830586,539889031
255110,1783,Settlers (Sold by Sulpicians),50313555,489575476,539889031
273940,1783,Settlers (Sold by Sulpicians),50587495,489301536,539889031
308729,1783,Settlers (Sold by Sulpicians),50896224,488992807,539889031
346214,1783,Settlers (Sold by Sulpicians),51242438,488646593,539889031
411222,1783,Settlers (Sold by Sulpicians),51653660,488235371,539889031
277456,1783,Settlers (Sold by Sulpicians),51931116,487957915,539889031
287041,1783,Settlers (Sold by Sulpicians),52218157,487670874,539889031
338179,1783,Settlers (Sold by Sulpicians),52556336,487332695,539889031
242982,1783,Settlers (Sold by Sulpicians),52799318,487089713,539889031
331902,1783,Settlers (Sold by Sulpicians),53131220,486757811,539889031
332096,1783,Settlers (Sold by Sulpicians),53463316,486425715,539889031
334510,1783,Settlers (Sold by Sulpicians),53797826,486091205,539889031
419270,1783,Settlers (Sold by Sulpicians),54217096,485671935,539889031
332992,1783,Settlers (Sold by Sulpicians),54550088,485338943,539889031
329530,1783,Settlers (Sold by Sulpicians),54879618,485009413,539889031
358932,1783,Settlers (Sold by Sulpicians),55238550,484650481,539889031
333494,1783,Settlers (Sold by Sulpicians),55572044,484316987,539889031
291771,1783,Settlers (Sold by Sulpicians),55863815,484025216,539889031
375502,1783,Settlers (Sold by Sulpicians),56239317,483649714,539889031
367351,1783,Settlers (Sold by Sulpicians),56606668,483282363,539889031
378628,1783,Settlers (Sold by Sulpicians),56985296,482903735,539889031
517137,1783,Settlers (Sold by Sulpicians),57502433,482386598,539889031
370047,1783,Settlers (Sold by Sulpicians),57872480,482016551,539889031
418833,1783,Settlers (Sold by Sulpicians),58291313,481597718,539889031
328531,1783,Settlers (Sold by Sulpicians),58619844,481269187,539889031
271974,1783,Settlers (Sold by Sulpicians),58891818,480997213,539889031
307707,1783,Settlers (Sold by Sulpicians),59199525,480689506,539889031
274132,1783,Settlers (Sold by Sulpicians),59473657,480415374,539889031
268418,1783,Settlers (Sold by Sulpicians),59742075,480146956,539889031
286636,1783,Settlers (Sold by Sulpicians),60028711,479860320,539889031
337164,1783,Settlers (Sold by Sulpicians),60365875,479523156,539889031
565982,1783,Settlers (Sold by Sulpicians),60931857,478957174,539889031
380041,1783,Settlers (Sold by Sulpicians),61311898,478577133,539889031
335735,1783,Settlers (Sold by Sulpicians),61647633,478241398,539889031
346984,1783,Settlers (Sold by Sulpicians),61994617,477894414,539889031
419242,1783,Settlers (Sold by Sulpicians),62413859,477475172,539889031
354797,1784,Settlers (Sold by Sulpicians),62768656,477120375,539889031
311475,1784,Settlers (Sold by Sulpicians),63080131,476808900,539889031
303896,1784,Settlers (Sold by Sulpicians),63384027,476505004,539889031
465874,1784,Settlers (Sold by Sulpicians),63849901,476039130,539889031
350171,1784,Settlers (Sold by Sulpicians),64200072,475688959,539889031
365180,1784,Settlers (Sold by Sulpicians),64565252,475323779,539889031
396334,1786,Settlers (Sold by Sulpicians),64961586,474927445,539889031
299676,1786,Settlers (Sold by Sulpicians),65261262,474627769,539889031
320730,1786,Settlers (Sold by Sulpicians),65581992,474307039,539889031
265578,1786,Settlers (Sold by Sulpicians),65847570,474041461,539889031
286746,1786,Settlers (Sold by Sulpicians),66134316,473754715,539889031
320760,1786,Settlers (Sold by Sulpicians),66455076,473433955,539889031
379472,1786,Settlers (Sold by Sulpicians),66834548,473054483,539889031
347391,1786,Settlers (Sold by Sulpicians),67181939,472707092,539889031
354509,1786,Settlers (Sold by Sulpicians),67536448,472352583,539889031
754845,1786,Settlers (Sold by Sulpicians),68291293,471597738,539889031
402514,1786,Settlers (Sold by Sulpicians),68693807,471195224,539889031
373290,1787,Settlers (Sold by Sulpicians),69067097,470821934,539889031
344245,1787,Settlers (Sold by Sulpicians),69411342,470477689,539889031
356067,1787,Settlers (Sold by Sulpicians),69767409,470121622,539889031
353262,1787,Settlers (Sold by Sulpicians),70120671,469768360,539889031
261455,1787,Settlers (Sold by Sulpicians),70382126,469506905,539889031
334602,1787,Settlers (Sold by Sulpicians),70716728,469172303,539889031
576431,1787,Settlers (Sold by Sulpicians),71293159,468595872,539889031
363883,1787,Settlers (Sold by Sulpicians),71657042,468231989,539889031
443883,1787,Settlers (Sold by Sulpicians),72100925,467788106,539889031
415705,1787,Settlers (Sold by Sulpicians),72516630,467372401,539889031
392379,1787,Settlers (Sold by Sulpicians),72909009,466980022,539889031
348669,1787,Settlers (Sold by Sulpicians),73257678,466631353,539889031
332078,1788,Settlers (Sold by Sulpicians),73589756,466299275,539889031
413801,1788,Settlers (Sold by Sulpicians),74003557,465885474,539889031
291082,1788,Settlers (Sold by Sulpicians),74294639,465594392,539889031
276657,1788,Settlers (Sold by Sulpicians),74571296,465317735,539889031
356073,1788,Settlers (Sold by Sulpicians),74927369,464961662,539889031
332033,1788,Settlers (Sold by Sulpicians),75259402,464629629,539889031
424286,1788,Settlers (Sold by Sulpicians),75683688,464205343,539889031
340849,1788,Settlers (Sold by Sulpicians),76024537,463864494,539889031
480046,1788,Settlers (Sold by Sulpicians),76504583,463384448,539889031
447736,1788,Settlers (Sold by Sulpicians),76952319,462936712,539889031
414613,1788,Settlers (Sold by Sulpicians),77366932,462522099,539889031
357378,1789,Settlers (Sold by Sulpicians),77724310,462164721,539889031
165834,1789,Settlers (Sold by Sulpicians),77890144,461998887,539889031
312805,1789,Settlers (Sold by Sulpicians),78202949,461686082,539889031
306348,1789,Settlers (Sold by Sulpicians),78509297,461379734,539889031
325051,1789,Settlers (Sold by Sulpicians),78834348,461054683,539889031
280234,1789,Settlers (Sold by Sulpicians),79114582,460774449,539889031
330834,1789,Settlers (Sold by Sulpicians),79445416,460443615,539889031
297917,1789,Settlers (Sold by Sulpicians),79743333,460145698,539889031
360163,1789,Settlers (Sold by Sulpicians),80103496,459785535,539889031
626512,1789,Settlers (Sold by Sulpicians),80730008,459159023,539889031
343623,1789,Settlers (Sold by Sulpicians),81073631,458815400,539889031
304119,1789,Settlers (Sold by Sulpicians),81377750,458511281,539889031
201164,1789,Settlers (Sold by Sulpicians),81578914,458310117,539889031
359394,1789,Settlers (Sold by Sulpicians),81938308,457950723,539889031
344145,1789,Settlers (Sold by Sulpicians),82282453,457606578,539889031
251513,1789,Settlers (Sold by Sulpicians),82533966,457355065,539889031
399284,1789,Settlers (Sold by Sulpicians),82933250,456955781,539889031
380493,1789,Settlers (Sold by Sulpicians),83313743,456575288,539889031
339098,1789,Settlers (Sold by Sulpicians),83652841,456236190,539889031
327899,1789,Settlers (Sold by Sulpicians),83980740,455908291,539889031
325294,1789,Settlers (Sold by Sulpicians),84306034,455582997,539889031
448989,1789,Settlers (Sold by Sulpicians),84755023,455134008,539889031
374071,1789,Settlers (Sold by Sulpicians),85129094,454759937,539889031
344544,1789,Settlers (Sold by Sulpicians),85473638,454415393,539889031
360976,1789,Settlers (Sold by Sulpicians),85834614,454054417,539889031
265101,1789,Settlers (Sold by Sulpicians),86099715,453789316,539889031
315075,1790,Settlers (Sold by Sulpicians),86414790,453474241,539889031
259546,1790,Settlers (Sold by Sulpicians),86674336,453214695,539889031
300422,1790,Settlers (Sold by Sulpicians),86974758,452914273,539889031
283080,1790,Settlers (Sold by Sulpicians),87257838,452631193,539889031
281495,1790,Settlers (Sold by Sulpicians),87539333,452349698,539889031
316852,1790,Settlers (Sold by Sulpicians),87856185,452032846,539889031
278995,1790,Settlers (Sold by Sulpicians),88135180,451753851,539889031
295964,1790,Settlers (Sold by Sulpicians),88431144,451457887,539889031
311921,1790,Settlers (Sold by Sulpicians),88743065,451145966,539889031
317244,1790,Settlers (Sold by Sulpicians),89060309,450828722,539889031
325056,1790,Settlers (Sold by Sulpicians),89385365,450503666,539889031
355420,1791,Settlers (Sold by Sulpicians),89740785,450148246,539889031
204967,1791,Settlers (Sold by Sulpicians),89945752,449943279,539889031
317835,1791,Settlers (Sold by Sulpicians),90263587,449625444,539889031
303195,1791,Settlers (Sold by Sulpicians),90566782,449322249,539889031
354576,1791,Settlers (Sold by Sulpicians),90921358,448967673,539889031
308792,1791,Settlers (Sold by Sulpicians),91230150,448658881,539889031
309479,1791,Settlers (Sold by Sulpicians),91539629,448349402,539889031
310775,1791,Settlers (Sold by Sulpicians),91850404,448038627,539889031
272881,1791,Settlers (Sold by Sulpicians),92123285,447765746,539889031
304359,1791,Settlers (Sold by Sulpicians),92427644,447461387,539889031
318672,1791,Settlers (Sold by Sulpicians),92746316,447142715,539889031
134231,1791,Settlers (Sold by Sulpicians),92880547,447008484,539889031
847055,1791,Settlers (Sold by Sulpicians),93727602,446161429,539889031
328084,1791,Settlers (Sold by Sulpicians),94055686,445833345,539889031
347249,1791,Settlers (Sold by Sulpicians),94402935,445486096,539889031
327015,1791,Settlers (Sold by Sulpicians),94729950,445159081,539889031
324716,1791,Settlers (Sold by Sulpicians),95054666,444834365,539889031
312840,1791,Settlers (Sold by Sulpicians),95367506,444521525,539889031
313232,1792,Settlers (Sold by Sulpicians),95680738,444208293,539889031
324775,1792,Settlers (Sold by Sulpicians),96005513,443883518,539889031
308118,1792,Settlers (Sold by Sulpicians),96313631,443575400,539889031
351387,1792,Settlers (Sold by Sulpicians),96665018,443224013,539889031
272998,1792,Settlers (Sold by Sulpicians),96938016,442951015,539889031
326800,1792,Settlers (Sold by Sulpicians),97264816,442624215,539889031
292100,1792,Settlers (Sold by Sulpicians),97556916,442332115,539889031
313980,1792,Settlers (Sold by Sulpicians),97870896,442018135,539889031
285314,1792,Settlers (Sold by Sulpicians),98156210,441732821,539889031
337073,1792,Settlers (Sold by Sulpicians),98493283,441395748,539889031
444900,1792,Settlers (Sold by Sulpicians),98938183,440950848,539889031
375133,1792,Settlers (Sold by Sulpicians),99313316,440575715,539889031
203512,1793,Settlers (Sold by Sulpicians),99516828,440372203,539889031
284791,1793,Settlers (Sold by Sulpicians),99801619,440087412,539889031
300006,1793,Settlers (Sold by Sulpicians),100101625,439787406,539889031
317170,1793,Settlers (Sold by Sulpicians),100418795,439470236,539889031
270616,1793,Settlers (Sold by Sulpicians),100689411,439199620,539889031
330884,1793,Settlers (Sold by Sulpicians),101020295,438868736,539889031
296993,1793,Settlers (Sold by Sulpicians),101317288,438571743,539889031
327531,1793,Settlers (Sold by Sulpicians),101644819,438244212,539889031
312460,1793,Settlers (Sold by Sulpicians),101957279,437931752,539889031
350260,1793,Settlers (Sold by Sulpicians),102307539,437581492,539889031
313300,1793,Settlers (Sold by Sulpicians),102620839,437268192,539889031
299461,1793,Settlers (Sold by Sulpicians),102920300,436968731,539889031
317632,1793,Settlers (Sold by Sulpicians),103237932,436651099,539889031
333918,1793,Settlers (Sold by Sulpicians),103571850,436317181,539889031
314919,1793,Settlers (Sold by Sulpicians),103886769,436002262,539889031
300268,1793,Settlers (Sold by Sulpicians),104187037,435701994,539889031
310122,1793,Settlers (Sold by Sulpicians),104497159,435391872,539889031
377551,1793,Settlers (Sold by Sulpicians),104874710,435014321,539889031
257779,1793,Settlers (Sold by Sulpicians),105132489,434756542,539889031
280582,1793,Settlers (Sold by Sulpicians),105413071,434475960,539889031
260125,1793,Settlers (Sold by Sulpicians),105673196,434215835,539889031
269777,1793,Settlers (Sold by Sulpicians),105942973,433946058,539889031
218985,1793,Settlers (Sold by Sulpicians),106161958,433727073,539889031
331190,1793,Settlers (Sold by Sulpicians),106493148,433395883,539889031
335809,1793,Settlers (Sold by Sulpicians),106828957,433060074,539889031
338396,1793,Settlers (Sold by Sulpicians),107167353,432721678,539889031
301735,1793,Settlers (Sold by Sulpicians),107469088,432419943,539889031
288841,1793,Settlers (Sold by Sulpicians),107757929,432131102,539889031
257777,1793,Settlers (Sold by Sulpicians),108015706,431873325,539889031
361355,1793,Settlers (Sold by Sulpicians),108377061,431511970,539889031
370014,1793,Settlers (Sold by Sulpicians),108747075,431141956,539889031
338775,1794,Settlers (Sold by Sulpicians),109085850,430803181,539889031
272573,1794,Settlers (Sold by Sulpicians),109358423,430530608,539889031
316456,1794,Settlers (Sold by Sulpicians),109674879,430214152,539889031
310933,1794,Settlers (Sold by Sulpicians),109985812,429903219,539889031
282974,1794,Settlers (Sold by Sulpicians),110268786,429620245,539889031
341663,1794,Settlers (Sold by Sulpicians),110610449,429278582,539889031
301573,1794,Settlers (Sold by Sulpicians),110912022,428977009,539889031
286862,1794,Settlers (Sold by Sulpicians),111198884,428690147,539889031
293789,1794,Settlers (Sold by Sulpicians),111492673,428396358,539889031
305521,1794,Settlers (Sold by Sulpicians),111798194,428090837,539889031
382129,1794,Settlers (Sold by Sulpicians),112180323,427708708,539889031
168906,1794,Settlers (Sold by Sulpicians),112349229,427539802,539889031
303591,1794,Settlers (Sold by Sulpicians),112652820,427236211,539889031
315622,1794,Settlers (Sold by Sulpicians),112968442,426920589,539889031
310094,1794,Settlers (Sold by Sulpicians),113278536,426610495,539889031
296807,1794,Settlers (Sold by Sulpicians),113575343,426313688,539889031
316613,1794,Settlers (Sold by Sulpicians),113891956,425997075,539889031
301053,1794,Settlers (Sold by Sulpicians),114193009,425696022,539889031
319863,1794,Settlers (Sold by Sulpicians),114512872,425376159,539889031
346578,1794,Settlers (Sold by Sulpicians),114859450,425029581,539889031
302300,1795,Settlers (Sold by Sulpicians),115161750,424727281,539889031
280675,1795,Settlers (Sold by Sulpicians),115442425,424446606,539889031
293374,1795,Settlers (Sold by Sulpicians),115735799,424153232,539889031
289211,1795,Settlers (Sold by Sulpicians),116025010,423864021,539889031
362747,1795,Settlers (Sold by Sulpicians),116387757,423501274,539889031
283104,1795,Settlers (Sold by Sulpicians),116670861,423218170,539889031
264884,1795,Settlers (Sold by Sulpicians),116935745,422953286,539889031
343934,1795,Settlers (Sold by Sulpicians),117279679,422609352,539889031
308775,1795,Settlers (Sold by Sulpicians),117588454,422300577,539889031
294219,1795,Settlers (Sold by Sulpicians),117882673,422006358,539889031
317461,1795,Settlers (Sold by Sulpicians),118200134,421688897,539889031
299390,1795,Settlers (Sold by Sulpicians),118499524,421389507,539889031
320895,1795,Settlers (Sold by Sulpicians),118820419,421068612,539889031
299193,1795,Settlers (Sold by Sulpicians),119119612,420769419,539889031
290480,1795,Settlers (Sold by Sulpicians),119410092,420478939,539889031
297582,1795,Settlers (Sold by Sulpicians),119707674,420181357,539889031
301251,1795,Settlers (Sold by Sulpicians),120008925,419880106,539889031
206156,1795,Settlers (Sold by Sulpicians),120215081,419673950,539889031
401801,1795,Settlers (Sold by Sulpicians),120616882,419272149,539889031
279846,1795,Settlers (Sold by Sulpicians),120896728,418992303,539889031
333347,1795,Settlers (Sold by Sulpicians),121230075,418658956,539889031
297690,1795,Settlers (Sold by Sulpicians),121527765,418361266,539889031
326685,1795,Settlers (Sold by Sulpicians),121854450,418034581,539889031
331924,1795,Settlers (Sold by Sulpicians),122186374,417702657,539889031
325789,1795,Settlers (Sold by Sulpicians),122512163,417376868,539889031
269914,1795,Settlers (Sold by Sulpicians),122782077,417106954,539889031
240200,1795,Settlers (Sold by Sulpicians),123022277,416866754,539889031
283968,1795,Settlers (Sold by Sulpicians),123306245,416582786,539889031
304940,1795,Settlers (Sold by Sulpicians),123611185,416277846,539889031
317958,1795,Settlers (Sold by Sulpicians),123929143,415959888,539889031
312679,1795,Settlers (Sold by Sulpicians),124241822,415647209,539889031
314404,1795,Settlers (Sold by Sulpicians),124556226,415332805,539889031
304382,1795,Settlers (Sold by Sulpicians),124860608,415028423,539889031
315057,1795,Settlers (Sold by Sulpicians),125175665,414713366,539889031
318787,1795,Settlers (Sold by Sulpicians),125494452,414394579,539889031
301100,1795,Settlers (Sold by Sulpicians),125795552,414093479,539889031
320542,1795,Settlers (Sold by Sulpicians),126116094,413772937,539889031
292840,1795,Settlers (Sold by Sulpicians),126408934,413480097,539889031
322773,1795,Settlers (Sold by Sulpicians),126731707,413157324,539889031
278354,1795,Settlers (Sold by Sulpicians),127010061,412878970,539889031
383126,1795,Settlers (Sold by Sulpicians),127393187,412495844,539889031
276086,1795,Settlers (Sold by Sulpicians),127669273,412219758,539889031
319994,1795,Settlers (Sold by Sulpicians),127989267,411899764,539889031
313432,1795,Settlers (Sold by Sulpicians),128302699,411586332,539889031
334863,1795,Settlers (Sold by Sulpicians),128637562,411251469,539889031
353729,1795,Settlers (Sold by Sulpicians),128991291,410897740,539889031
285500,1795,Settlers (Sold by Sulpicians),129276791,410612240,539889031
295139,1795,Settlers (Sold by Sulpicians),129571930,410317101,539889031
305393,1795,Settlers (Sold by Sulpicians),129877323,410011708,539889031
303380,1795,Settlers (Sold by Sulpicians),130180703,409708328,539889031
186032,1795,Settlers (Sold by Sulpicians),130366735,409522296,539889031
292252,1795,Settlers (Sold by Sulpicians),130658987,409230044,539889031
365653,1795,Settlers (Sold by Sulpicians),131024640,408864391,539889031
390326,1795,Settlers (Sold by Sulpicians),131414966,408474065,539889031
376984,1795,Settlers (Sold by Sulpicians),131791950,408097081,539889031
291546,1795,Settlers (Sold by Sulpicians),132083496,407805535,539889031
290204,1795,Settlers (Sold by Sulpicians),132373700,407515331,539889031
464858,1795,Settlers (Sold by Sulpicians),132838558,407050473,539889031
556134,1795,Settlers (Sold by Sulpicians),133394692,406494339,539889031
383189,1795,Settlers (Sold by Sulpicians),133777881,406111150,539889031
380983,1795,Settlers (Sold by Sulpicians),134158864,405730167,539889031
331518,1795,Settlers (Sold by Sulpicians),134490382,405398649,539889031
552890,1795,Settlers (Sold by Sulpicians),135043272,404845759,539889031
413713,1795,Settlers (Sold by Sulpicians),135456985,404432046,539889031
411254,1795,Settlers (Sold by Sulpicians),135868239,404020792,539889031
75336,1795,Settlers (Sold by Sulpicians),135943575,403945456,539889031
469093,1795,Settlers (Sold by Sulpicians),136412668,403476363,539889031
348716,1795,Settlers (Sold by Sulpicians),136761384,403127647,539889031
373085,1796,Settlers (Sold by Sulpicians),137134469,402754562,539889031
288339,1796,Settlers (Sold by Sulpicians),137422808,402466223,539889031
219000,1796,Settlers (Sold by Sulpicians),137641808,402247223,539889031
321715,1796,Settlers (Sold by Sulpicians),137963523,401925508,539889031
331852,1796,Settlers (Sold by Sulpicians),138295375,401593656,539889031
296729,1796,Settlers (Sold by Sulpicians),138592104,401296927,539889031
427463,1796,Settlers (Sold by Sulpicians),139019567,400869464,539889031
303917,1796,Settlers (Sold by Sulpicians),139323484,400565547,539889031
321770,1796,Settlers (Sold by Sulpicians),139645254,400243777,539889031
408555,1796,Settlers (Sold by Sulpicians),140053809,399835222,539889031
330029,1796,Settlers (Sold by Sulpicians),140383838,399505193,539889031
355610,1796,Settlers (Sold by Sulpicians),140739448,399149583,539889031
362419,1796,Settlers (Sold by Sulpicians),141101867,398787164,539889031
335866,1796,Settlers (Sold by Sulpicians),141437733,398451298,539889031
347673,1796,Settlers (Sold by Sulpicians),141785406,398103625,539889031
373320,1796,Settlers (Sold by Sulpicians),142158726,397730305,539889031
288373,1796,Settlers (Sold by Sulpicians),142447099,397441932,539889031
331531,1796,Settlers (Sold by Sulpicians),142778630,397110401,539889031
347196,1796,Settlers (Sold by Sulpicians),143125826,396763205,539889031
393197,1796,Settlers (Sold by Sulpicians),143519023,396370008,539889031
377262,1796,Settlers (Sold by Sulpicians),143896285,395992746,539889031
433101,1796,Settlers (Sold by Sulpicians),144329386,395559645,539889031
298791,1796,Settlers (Sold by Sulpicians),144628177,395260854,539889031
292918,1796,Settlers (Sold by Sulpicians),144921095,394967936,539889031
465351,1796,Settlers (Sold by Sulpicians),145386446,394502585,539889031
296464,1796,Settlers (Sold by Sulpicians),145682910,394206121,539889031
318704,1796,Settlers (Sold by Sulpicians),146001614,393887417,539889031
295914,1796,Settlers (Sold by Sulpicians),146297528,393591503,539889031
321171,1796,Settlers (Sold by Sulpicians),146618699,393270332,539889031
306016,1796,Settlers (Sold by Sulpicians),146924715,392964316,539889031
314895,1796,Settlers (Sold by Sulpicians),147239610,392649421,539889031
314769,1796,Settlers (Sold by Sulpicians),147554379,392334652,539889031
328418,1796,Settlers (Sold by Sulpicians),147882797,392006234,539889031
285102,1796,Settlers (Sold by Sulpicians),148167899,391721132,539889031
341165,1796,Settlers (Sold by Sulpicians),148509064,391379967,539889031
340613,1796,Settlers (Sold by Sulpicians),148849677,391039354,539889031
251067,1796,Settlers (Sold by Sulpicians),149100744,390788287,539889031
317692,1796,Settlers (Sold by Sulpicians),149418436,390470595,539889031
321829,1796,Settlers (Sold by Sulpicians),149740265,390148766,539889031
339080,1796,Settlers (Sold by Sulpicians),150079345,389809686,539889031
349200,1796,Settlers (Sold by Sulpicians),150428545,389460486,539889031
308606,1796,Settlers (Sold by Sulpicians),150737151,389151880,539889031
356996,1796,Settlers (Sold by Sulpicians),151094147,388794884,539889031
318583,1796,Settlers (Sold by Sulpicians),151412730,388476301,539889031
344086,1796,Settlers (Sold by Sulpicians),151756816,388132215,539889031
290706,1796,Settlers (Sold by Sulpicians),152047522,387841509,539889031
337587,1796,Settlers (Sold by Sulpicians),152385109,387503922,539889031
318267,1796,Settlers (Sold by Sulpicians),152703376,387185655,539889031
372863,1796,Settlers (Sold by Sulpicians),153076239,386812792,539889031
372545,1796,Settlers (Sold by Sulpicians),153448784,386440247,539889031
356764,1796,Settlers (Sold by Sulpicians),153805548,386083483,539889031
326241,1796,Settlers (Sold by Sulpicians),154131789,385757242,539889031
320072,1796,Settlers (Sold by Sulpicians),154451861,385437170,539889031
313877,1796,Settlers (Sold by Sulpicians),154765738,385123293,539889031
274243,1796,Settlers (Sold by Sulpicians),155039981,384849050,539889031
305766,1796,Settlers (Sold by Sulpicians),155345747,384543284,539889031
311816,1796,Settlers (Sold by Sulpicians),155657563,384231468,539889031
369789,1796,Settlers (Sold by Sulpicians),156027352,383861679,539889031
261774,1796,Settlers (Sold by Sulpicians),156289126,383599905,539889031
310629,1796,Settlers (Sold by Sulpicians),156599755,383289276,539889031
315281,1796,Settlers (Sold by Sulpicians),156915036,382973995,539889031
285105,1796,Settlers (Sold by Sulpicians),157200141,382688890,539889031
344288,1796,Settlers (Sold by Sulpicians),157544429,382344602,539889031
334998,1796,Settlers (Sold by Sulpicians),157879427,382009604,539889031
292699,1796,Settlers (Sold by Sulpicians),158172126,381716905,539889031
346416,1796,Settlers (Sold by Sulpicians),158518542,381370489,539889031
259094,1796,Settlers (Sold by Sulpicians),158777636,381111395,539889031
304918,1796,Settlers (Sold by Sulpicians),159082554,380806477,539889031
365901,1796,Settlers (Sold by Sulpicians),159448455,380440576,539889031
294500,1796,Settlers (Sold by Sulpicians),159742955,380146076,539889031
336862,1796,Settlers (Sold by Sulpicians),160079817,379809214,539889031
292052,1796,Settlers (Sold by Sulpicians),160371869,379517162,539889031
321784,1796,Settlers (Sold by Sulpicians),160693653,379195378,539889031
312995,1796,Settlers (Sold by Sulpicians),161006648,378882383,539889031
291537,1796,Settlers (Sold by Sulpicians),161298185,378590846,539889031
277974,1796,Settlers (Sold by Sulpicians),161576159,378312872,539889031
309495,1796,Settlers (Sold by Sulpicians),161885654,378003377,539889031
221778,1796,Settlers (Sold by Sulpicians),162107432,377781599,539889031
256811,1796,Settlers (Sold by Sulpicians),162364243,377524788,539889031
268525,1796,Settlers (Sold by Sulpicians),162632768,377256263,539889031
263498,1796,Settlers (Sold by Sulpicians),162896266,376992765,539889031
140471,1796,Settlers (Sold by Sulpicians),163036737,376852294,539889031
159248,1796,Settlers (Sold by Sulpicians),163195985,376693046,539889031
108831,1796,Settlers (Sold by Sulpicians),163304816,376584215,539889031
140829,1796,Settlers (Sold by Sulpicians),163445645,376443386,539889031
171859,1796,Settlers (Sold by Sulpicians),163617504,376271527,539889031
333181,1796,Settlers (Sold by Sulpicians),163950685,375938346,539889031
298369,1796,Settlers (Sold by Sulpicians),164249054,375639977,539889031
298620,1796,Settlers (Sold by Sulpicians),164547674,375341357,539889031
236881,1796,Settlers (Sold by Sulpicians),164784555,375104476,539889031
214490,1796,Settlers (Sold by Sulpicians),164999045,374889986,539889031
215882,1796,Settlers (Sold by Sulpicians),165214927,374674104,539889031
208710,1796,Settlers (Sold by Sulpicians),165423637,374465394,539889031
191416,1796,Settlers (Sold by Sulpicians),165615053,374273978,539889031
231956,1796,Settlers (Sold by Sulpicians),165847009,374042022,539889031
232226,1796,Settlers (Sold by Sulpicians),166079235,373809796,539889031
253644,1796,Settlers (Sold by Sulpicians),166332879,373556152,539889031
227086,1796,Settlers (Sold by Sulpicians),166559965,373329066,539889031
209363,1796,Settlers (Sold by Sulpicians),166769328,373119703,539889031
133691,1796,Settlers (Sold by Sulpicians),166903019,372986012,539889031
197016,1796,Settlers (Sold by Sulpicians),167100035,372788996,539889031
124315,1796,Settlers (Sold by Sulpicians),167224350,372664681,539889031
225079,1796,Settlers (Sold by Sulpicians),167449429,372439602,539889031
307729,1796,Settlers (Sold by Sulpicians),167757158,372131873,539889031
383543,1796,Settlers (Sold by Sulpicians),168140701,371748330,539889031
324632,1797,Settlers (Sold by Sulpicians),168465333,371423698,539889031
337502,1797,Settlers (Sold by Sulpicians),168802835,371086196,539889031
393032,1797,Settlers (Sold by Sulpicians),169195867,370693164,539889031
347955,1797,Settlers (Sold by Sulpicians),169543822,370345209,539889031
318823,1797,Settlers (Sold by Sulpicians),169862645,370026386,539889031
368833,1797,Settlers (Sold by Sulpicians),170231478,369657553,539889031
406136,1797,Settlers (Sold by Sulpicians),170637614,369251417,539889031
266195,1797,Settlers (Sold by Sulpicians),170903809,368985222,539889031
315068,1797,Settlers (Sold by Sulpicians),171218877,368670154,539889031
305766,1797,Settlers (Sold by Sulpicians),171524643,368364388,539889031
323492,1797,Settlers (Sold by Sulpicians),171848135,368040896,539889031
295937,1797,Settlers (Sold by Sulpicians),172144072,367744959,539889031
264520,1797,Settlers (Sold by Sulpicians),172408592,367480439,539889031
301062,1797,Settlers (Sold by Sulpicians),172709654,367179377,539889031
311846,1797,Settlers (Sold by Sulpicians),173021500,366867531,539889031
354619,1797,Settlers (Sold by Sulpicians),173376119,366512912,539889031
241939,1797,Settlers (Sold by Sulpicians),173618058,366270973,539889031
257418,1797,Settlers (Sold by Sulpicians),173875476,366013555,539889031
243906,1797,Settlers (Sold by Sulpicians),174119382,365769649,539889031
250518,1797,Settlers (Sold by Sulpicians),174369900,365519131,539889031
259509,1797,Settlers (Sold by Sulpicians),174629409,365259622,539889031
246943,1797,Settlers (Sold by Sulpicians),174876352,365012679,539889031
292678,1797,Settlers (Sold by Sulpicians),175169030,364720001,539889031
247341,1797,Settlers (Sold by Sulpicians),175416371,364472660,539889031
274411,1797,Settlers (Sold by Sulpicians),175690782,364198249,539889031
257625,1797,Settlers (Sold by Sulpicians),175948407,363940624,539889031
258560,1797,Settlers (Sold by Sulpicians),176206967,363682064,539889031
248610,1797,Settlers (Sold by Sulpicians),176455577,363433454,539889031
247865,1797,Settlers (Sold by Sulpicians),176703442,363185589,539889031
262681,1797,Settlers (Sold by Sulpicians),176966123,362922908,539889031
276623,1797,Settlers (Sold by Sulpicians),177242746,362646285,539889031
173867,1797,Settlers (Sold by Sulpicians),177416613,362472418,539889031
230548,1797,Settlers (Sold by Sulpicians),177647161,362241870,539889031
281223,1797,Settlers (Sold by Sulpicians),177928384,361960647,539889031
216981,1797,Settlers (Sold by Sulpicians),178145365,361743666,539889031
235195,1797,Settlers (Sold by Sulpicians),178380560,361508471,539889031
228682,1797,Settlers (Sold by Sulpicians),178609242,361279789,539889031
226545,1797,Settlers (Sold by Sulpicians),178835787,361053244,539889031
235740,1797,Settlers (Sold by Sulpicians),179071527,360817504,539889031
301753,1797,Settlers (Sold by Sulpicians),179373280,360515751,539889031
333839,1797,Settlers (Sold by Sulpicians),179707119,360181912,539889031
233089,1797,Settlers (Sold by Sulpicians),179940208,359948823,539889031
243929,1797,Settlers (Sold by Sulpicians),180184137,359704894,539889031
233407,1797,Settlers (Sold by Sulpicians),180417544,359471487,539889031
336009,1797,Settlers (Sold by Sulpicians),180753553,359135478,539889031
350903,1798,Settlers (Sold by Sulpicians),181104456,358784575,539889031
336183,1798,Settlers (Sold by Sulpicians),181440639,358448392,539889031
397642,1798,Settlers (Sold by Sulpicians),181838281,358050750,539889031
269596,1798,Settlers (Sold by Sulpicians),182107877,357781154,539889031
430394,1798,Settlers (Sold by Sulpicians),182538271,357350760,539889031
381064,1798,Settlers (Sold by Sulpicians),182919335,356969696,539889031
565875,1798,Settlers (Sold by Sulpicians),183485210,356403821,539889031
322114,1798,Settlers (Sold by Sulpicians),183807324,356081707,539889031
178592,1798,Settlers (Sold by Sulpicians),183985916,355903115,539889031
208345,1798,Settlers (Sold by Sulpicians),184194261,355694770,539889031
564654,1798,Settlers (Sold by Sulpicians),184758915,355130116,539889031
289769,1798,Settlers (Sold by Sulpicians),185048684,354840347,539889031
338056,1798,Settlers (Sold by Sulpicians),185386740,354502291,539889031
303262,1798,Settlers (Sold by Sulpicians),185690002,354199029,539889031
289626,1798,Settlers (Sold by Sulpicians),185979628,353909403,539889031
423200,1798,Settlers (Sold by Sulpicians),186402828,353486203,539889031
373176,1798,Settlers (Sold by Sulpicians),186776004,353113027,539889031
244109,1798,Settlers (Sold by Sulpicians),187020113,352868918,539889031
325799,1798,Settlers (Sold by Sulpicians),187345912,352543119,539889031
319857,1798,Settlers (Sold by Sulpicians),187665769,352223262,539889031
309833,1798,Settlers (Sold by Sulpicians),187975602,351913429,539889031
306920,1798,Settlers (Sold by Sulpicians),188282522,351606509,539889031
331885,1798,Settlers (Sold by Sulpicians),188614407,351274624,539889031
334544,1798,Settlers (Sold by Sulpicians),188948951,350940080,539889031
279385,1798,Settlers (Sold by Sulpicians),189228336,350660695,539889031
311512,1798,Settlers (Sold by Sulpicians),189539848,350349183,539889031
307360,1798,Settlers (Sold by Sulpicians),189847208,350041823,539889031
308613,1798,Settlers (Sold by Sulpicians),190155821,349733210,539889031
323503,1798,Settlers (Sold by Sulpicians),190479324,349409707,539889031
297091,1798,Settlers (Sold by Sulpicians),190776415,349112616,539889031
298489,1798,Settlers (Sold by Sulpicians),191074904,348814127,539889031
297458,1798,Settlers (Sold by Sulpicians),191372362,348516669,539889031
380733,1798,Settlers (Sold by Sulpicians),191753095,348135936,539889031
289091,1798,Settlers (Sold by Sulpicians),192042186,347846845,539889031
336806,1798,Settlers (Sold by Sulpicians),192378992,347510039,539889031
248811,1798,Settlers (Sold by Sulpicians),192627803,347261228,539889031
306404,1798,Settlers (Sold by Sulpicians),192934207,346954824,539889031
246929,1798,Settlers (Sold by Sulpicians),193181136,346707895,539889031
274651,1798,Settlers (Sold by Sulpicians),193455787,346433244,539889031
229890,1798,Settlers (Sold by Sulpicians),193685677,346203354,539889031
261092,1798,Settlers (Sold by Sulpicians),193946769,345942262,539889031
270540,1798,Settlers (Sold by Sulpicians),194217309,345671722,539889031
229458,1798,Settlers (Sold by Sulpicians),194446767,345442264,539889031
234687,1798,Settlers (Sold by Sulpicians),194681454,345207577,539889031
246293,1798,Settlers (Sold by Sulpicians),194927747,344961284,539889031
271375,1798,Settlers (Sold by Sulpicians),195199122,344689909,539889031
242201,1798,Settlers (Sold by Sulpicians),195441323,344447708,539889031
247754,1798,Settlers (Sold by Sulpicians),195689077,344199954,539889031
260032,1798,Settlers (Sold by Sulpicians),195949109,343939922,539889031
229199,1798,Settlers (Sold by Sulpicians),196178308,343710723,539889031
259691,1798,Settlers (Sold by Sulpicians),196437999,343451032,539889031
257549,1798,Settlers (Sold by Sulpicians),196695548,343193483,539889031
289357,1798,Settlers (Sold by Sulpicians),196984905,342904126,539889031
245601,1798,Settlers (Sold by Sulpicians),197230506,342658525,539889031
206141,1798,Settlers (Sold by Sulpicians),197436647,342452384,539889031
246639,1798,Settlers (Sold by Sulpicians),197683286,342205745,539889031
277203,1798,Settlers (Sold by Sulpicians),197960489,341928542,539889031
268867,1798,Settlers (Sold by Sulpicians),198229356,341659675,539889031
262783,1798,Settlers (Sold by Sulpicians),198492139,341396892,539889031
190900,1798,Settlers (Sold by Sulpicians),198683039,341205992,539889031
231837,1798,Settlers (Sold by Sulpicians),198914876,340974155,539889031
245561,1798,Settlers (Sold by Sulpicians),199160437,340728594,539889031
225040,1798,Settlers (Sold by Sulpicians),199385477,340503554,539889031
248780,1798,Settlers (Sold by Sulpicians),199634257,340254774,539889031
253807,1798,Settlers (Sold by Sulpicians),199888064,340000967,539889031
220677,1798,Settlers (Sold by Sulpicians),200108741,339780290,539889031
186541,1798,Settlers (Sold by Sulpicians),200295282,339593749,539889031
208128,1798,Settlers (Sold by Sulpicians),200503410,339385621,539889031
247218,1798,Settlers (Sold by Sulpicians),200750628,339138403,539889031
354593,1798,Settlers (Sold by Sulpicians),201105221,338783810,539889031
351660,1798,Settlers (Sold by Sulpicians),201456881,338432150,539889031
199104,1798,Settlers (Sold by Sulpicians),201655985,338233046,539889031
318564,1798,Settlers (Sold by Sulpicians),201974549,337914482,539889031
196576,1798,Settlers (Sold by Sulpicians),202171125,337717906,539889031
211608,1798,Settlers (Sold by Sulpicians),202382733,337506298,539889031
244644,1798,Settlers (Sold by Sulpicians),202627377,337261654,539889031
303820,1798,Settlers (Sold by Sulpicians),202931197,336957834,539889031
365910,1798,Settlers (Sold by Sulpicians),203297107,336591924,539889031
497857,1799,Settlers (Sold by Sulpicians),203794964,336094067,539889031
623054,1799,Settlers (Sold by Sulpicians),204418018,335471013,539889031
248189,1799,Settlers (Sold by Sulpicians),204666207,335222824,539889031
547826,1799,Settlers (Sold by Sulpicians),205214033,334674998,539889031
493996,1799,Settlers (Sold by Sulpicians),205708029,334181002,539889031
360072,1799,Settlers (Sold by Sulpicians),206068101,333820930,539889031
356560,1799,Settlers (Sold by Sulpicians),206424661,333464370,539889031
205060,1799,Settlers (Sold by Sulpicians),206629721,333259310,539889031
273968,1799,Settlers (Sold by Sulpicians),206903689,332985342,539889031
311894,1799,Settlers (Sold by Sulpicians),207215583,332673448,539889031
287312,1799,Settlers (Sold by Sulpicians),207502895,332386136,539889031
375485,1799,Settlers (Sold by Sulpicians),207878380,332010651,539889031
444346,1799,Settlers (Sold by Sulpicians),208322726,331566305,539889031
383523,1799,Settlers (Sold by Sulpicians),208706249,331182782,539889031
430408,1799,Settlers (Sold by Sulpicians),209136657,330752374,539889031
348513,1799,Settlers (Sold by Sulpicians),209485170,330403861,539889031
382686,1799,Settlers (Sold by Sulpicians),209867856,330021175,539889031
255737,1799,Settlers (Sold by Sulpicians),210123593,329765438,539889031
364152,1799,Settlers (Sold by Sulpicians),210487745,329401286,539889031
415648,1799,Settlers (Sold by Sulpicians),210903393,328985638,539889031
383002,1799,Settlers (Sold by Sulpicians),211286395,328602636,539889031
387670,1799,Settlers (Sold by Sulpicians),211674065,328214966,539889031
392638,1799,Settlers (Sold by Sulpicians),212066703,327822328,539889031
372351,1799,Settlers (Sold by Sulpicians),212439054,327449977,539889031
330811,1799,Settlers (Sold by Sulpicians),212769865,327119166,539889031
291941,1799,Settlers (Sold by Sulpicians),213061806,326827225,539889031
360177,1799,Settlers (Sold by Sulpicians),213421983,326467048,539889031
416083,1799,Settlers (Sold by Sulpicians),213838066,326050965,539889031
403405,1799,Settlers (Sold by Sulpicians),214241471,325647560,539889031
452202,1799,Settlers (Sold by Sulpicians),214693673,325195358,539889031
257198,1799,Settlers (Sold by Sulpicians),214950871,324938160,539889031
232599,1799,Settlers (Sold by Sulpicians),215183470,324705561,539889031
226130,1799,Settlers (Sold by Sulpicians),215409600,324479431,539889031
196214,1799,Settlers (Sold by Sulpicians),215605814,324283217,539889031
200559,1799,Settlers (Sold by Sulpicians),215806373,324082658,539889031
382578,1799,Settlers (Sold by Sulpicians),216188951,323700080,539889031
534627,1799,Settlers (Sold by Sulpicians),216723578,323165453,539889031
397024,1799,Settlers (Sold by Sulpicians),217120602,322768429,539889031
567965,1799,Settlers (Sold by Sulpicians),217688567,322200464,539889031
475778,1799,Settlers (Sold by Sulpicians),218164345,321724686,539889031
392948,1799,Settlers (Sold by Sulpicians),218557293,321331738,539889031
406231,1799,Settlers (Sold by Sulpicians),218963524,320925507,539889031
377888,1799,Settlers (Sold by Sulpicians),219341412,320547619,539889031
378512,1799,Settlers (Sold by Sulpicians),219719924,320169107,539889031
350922,1799,Settlers (Sold by Sulpicians),220070846,319818185,539889031
344108,1799,Settlers (Sold by Sulpicians),220414954,319474077,539889031
367787,1799,Settlers (Sold by Sulpicians),220782741,319106290,539889031
415895,1799,Settlers (Sold by Sulpicians),221198636,318690395,539889031
466798,1799,Settlers (Sold by Sulpicians),221665434,318223597,539889031
417429,1799,Settlers (Sold by Sulpicians),222082863,317806168,539889031
389412,1799,Settlers (Sold by Sulpicians),222472275,317416756,539889031
435898,1799,Settlers (Sold by Sulpicians),222908173,316980858,539889031
387702,1799,Settlers (Sold by Sulpicians),223295875,316593156,539889031
369048,1799,Settlers (Sold by Sulpicians),223664923,316224108,539889031
386958,1799,Settlers (Sold by Sulpicians),224051881,315837150,539889031
346148,1799,Settlers (Sold by Sulpicians),224398029,315491002,539889031
514836,1799,Settlers (Sold by Sulpicians),224912865,314976166,539889031
276621,1799,Settlers (Sold by Sulpicians),225189486,314699545,539889031
310050,1799,Settlers (Sold by Sulpicians),225499536,314389495,539889031
293164,1799,Settlers (Sold by Sulpicians),225792700,314096331,539889031
260178,1799,Settlers (Sold by Sulpicians),226052878,313836153,539889031
308906,1799,Settlers (Sold by Sulpicians),226361784,313527247,539889031
368054,1800,Settlers (Sold by Sulpicians),226729838,313159193,539889031
325761,1800,Settlers (Sold by Sulpicians),227055599,312833432,539889031
342489,1800,Settlers (Sold by Sulpicians),227398088,312490943,539889031
236703,1800,Settlers (Sold by Sulpicians),227634791,312254240,539889031
393752,1800,Settlers (Sold by Sulpicians),228028543,311860488,539889031
409973,1800,Settlers (Sold by Sulpicians),228438516,311450515,539889031
407958,1800,Settlers (Sold by Sulpicians),228846474,311042557,539889031
258482,1800,Settlers (Sold by Sulpicians),229104956,310784075,539889031
251223,1800,Settlers (Sold by Sulpicians),229356179,310532852,539889031
252442,1800,Settlers (Sold by Sulpicians),229608621,310280410,539889031
237276,1800,Settlers (Sold by Sulpicians),229845897,310043134,539889031
233545,1800,Settlers (Sold by Sulpicians),230079442,309809589,539889031
279176,1800,Settlers (Sold by Sulpicians),230358618,309530413,539889031
157833,1800,Settlers (Sold by Sulpicians),230516451,309372580,539889031
255560,1800,Settlers (Sold by Sulpicians),230772011,309117020,539889031
173565,1800,Settlers (Sold by Sulpicians),230945576,308943455,539889031
196583,1800,Settlers (Sold by Sulpicians),231142159,308746872,539889031
113839,1800,Settlers (Sold by Sulpicians),231255998,308633033,539889031
333591,1801,Settlers (Sold by Sulpicians),231589589,308299442,539889031
374617,1801,Settlers (Sold by Sulpicians),231964206,307924825,539889031
307827,1801,Settlers (Sold by Sulpicians),232272033,307616998,539889031
329647,1801,Settlers (Sold by Sulpicians),232601680,307287351,539889031
305963,1801,Settlers (Sold by Sulpicians),232907643,306981388,539889031
411144,1801,Settlers (Sold by Sulpicians),233318787,306570244,539889031
333255,1801,Settlers (Sold by Sulpicians),233652042,306236989,539889031
265345,1801,Settlers (Sold by Sulpicians),233917387,305971644,539889031
303820,1801,Settlers (Sold by Sulpicians),234221207,305667824,539889031
318027,1801,Settlers (Sold by Sulpicians),234539234,305349797,539889031
264495,1801,Settlers (Sold by Sulpicians),234803729,305085302,539889031
835987,1801,Settlers (Sold by Sulpicians),235639716,304249315,539889031
375115,1801,Settlers (Sold by Sulpicians),236014831,303874200,539889031
298361,1802,Settlers (Sold by Sulpicians),236313192,303575839,539889031
288019,1802,Settlers (Sold by Sulpicians),236601211,303287820,539889031
284259,1802,Settlers (Sold by Sulpicians),236885470,303003561,539889031
390230,1802,Settlers (Sold by Sulpicians),237275700,302613331,539889031
296288,1802,Settlers (Sold by Sulpicians),237571988,302317043,539889031
310382,1802,Settlers (Sold by Sulpicians),237882370,302006661,539889031
314478,1802,Settlers (Sold by Sulpicians),238196848,301692183,539889031
325218,1802,Settlers (Sold by Sulpicians),238522066,301366965,539889031
296868,1802,Settlers (Sold by Sulpicians),238818934,301070097,539889031
196191,1802,Settlers (Sold by Sulpicians),239015125,300873906,539889031
415784,1802,Settlers (Sold by Sulpicians),239430909,300458122,539889031
255521,1802,Settlers (Sold by Sulpicians),239686430,300202601,539889031
387728,1802,Settlers (Sold by Sulpicians),240074158,299814873,539889031
391644,1802,Settlers (Sold by Sulpicians),240465802,299423229,539889031
276473,1802,Settlers (Sold by Sulpicians),240742275,299146756,539889031
512139,1802,Settlers (Sold by Sulpicians),241254414,298634617,539889031
306403,1802,Settlers (Sold by Sulpicians),241560817,298328214,539889031
290781,1802,Settlers (Sold by Sulpicians),241851598,298037433,539889031
554635,1802,Settlers (Sold by Sulpicians),242406233,297482798,539889031
235399,1802,Settlers (Sold by Sulpicians),242641632,297247399,539889031
313360,1802,Settlers (Sold by Sulpicians),242954992,296934039,539889031
384978,1802,Settlers (Sold by Sulpicians),243339970,296549061,539889031
318710,1802,Settlers (Sold by Sulpicians),243658680,296230351,539889031
210578,1802,Settlers (Sold by Sulpicians),243869258,296019773,539889031
288430,1803,Settlers (Sold by Sulpicians),244157688,295731343,539889031
240348,1803,Settlers (Sold by Sulpicians),244398036,295490995,539889031
240561,1803,Settlers (Sold by Sulpicians),244638597,295250434,539889031
371837,1803,Settlers (Sold by Sulpicians),245010434,294878597,539889031
309322,1803,Settlers (Sold by Sulpicians),245319756,294569275,539889031
344054,1803,Settlers (Sold by Sulpicians),245663810,294225221,539889031
203484,1803,Settlers (Sold by Sulpicians),245867294,294021737,539889031
278326,1803,Settlers (Sold by Sulpicians),246145620,293743411,539889031
298938,1803,Settlers (Sold by Sulpicians),246444558,293444473,539889031
401968,1803,Settlers (Sold by Sulpicians),246846526,293042505,539889031
450855,1803,Settlers (Sold by Sulpicians),247297381,292591650,539889031
434712,1803,Settlers (Sold by Sulpicians),247732093,292156938,539889031
400709,1803,Settlers (Sold by Sulpicians),248132802,291756229,539889031
291627,1803,Settlers (Sold by Sulpicians),248424429,291464602,539889031
344608,1803,Settlers (Sold by Sulpicians),248769037,291119994,539889031
369959,1803,Settlers (Sold by Sulpicians),249138996,290750035,539889031
187250,1803,Settlers (Sold by Sulpicians),249326246,290562785,539889031
350033,1803,Settlers (Sold by Sulpicians),249676279,290212752,539889031
333911,1803,Settlers (Sold by Sulpicians),250010190,289878841,539889031
276849,1803,Settlers (Sold by Sulpicians),250287039,289601992,539889031
299729,1803,Settlers (Sold by Sulpicians),250586768,289302263,539889031
282058,1803,Settlers (Sold by Sulpicians),250868826,289020205,539889031
289981,1803,Settlers (Sold by Sulpicians),251158807,288730224,539889031
330702,1803,Settlers (Sold by Sulpicians),251489509,288399522,539889031
648512,1803,Settlers (Sold by Sulpicians),252138021,287751010,539889031
524523,1803,Settlers (Sold by Sulpicians),252662544,287226487,539889031
346290,1803,Settlers (Sold by Sulpicians),253008834,286880197,539889031
451680,1803,Settlers (Sold by Sulpicians),253460514,286428517,539889031
431820,1803,Settlers (Sold by Sulpicians),253892334,285996697,539889031
341418,1803,Settlers (Sold by Sulpicians),254233752,285655279,539889031
255134,1803,Settlers (Sold by Sulpicians),254488886,285400145,539889031
466647,1803,Settlers (Sold by Sulpicians),254955533,284933498,539889031
389372,1803,Settlers (Sold by Sulpicians),255344905,284544126,539889031
250320,1803,Settlers (Sold by Sulpicians),255595225,284293806,539889031
397223,1803,Settlers (Sold by Sulpicians),255992448,283896583,539889031
289473,1803,Settlers (Sold by Sulpicians),256281921,283607110,539889031
308815,1803,Settlers (Sold by Sulpicians),256590736,283298295,539889031
276481,1803,Settlers (Sold by Sulpicians),256867217,283021814,539889031
312717,1803,Settlers (Sold by Sulpicians),257179934,282709097,539889031
305348,1803,Settlers (Sold by Sulpicians),257485282,282403749,539889031
277070,1803,Settlers (Sold by Sulpicians),257762352,282126679,539889031
259949,1803,Settlers (Sold by Sulpicians),258022301,281866730,539889031
278310,1803,Settlers (Sold by Sulpicians),258300611,281588420,539889031
271632,1803,Settlers (Sold by Sulpicians),258572243,281316788,539889031
334902,1803,Settlers (Sold by Sulpicians),258907145,280981886,539889031
346499,1803,Settlers (Sold by Sulpicians),259253644,280635387,539889031
315609,1803,Settlers (Sold by Sulpicians),259569253,280319778,539889031
237309,1803,Settlers (Sold by Sulpicians),259806562,280082469,539889031
199148,1803,Settlers (Sold by Sulpicians),260005710,279883321,539889031
142358,1803,Settlers (Sold by Sulpicians),260148068,279740963,539889031
318791,1803,Settlers (Sold by Sulpicians),260466859,279422172,539889031
386625,1803,Settlers (Sold by Sulpicians),260853484,279035547,539889031
353689,1803,Settlers (Sold by Sulpicians),261207173,278681858,539889031
395655,1803,Settlers (Sold by Sulpicians),261602828,278286203,539889031
191866,1803,Settlers (Sold by Sulpicians),261794694,278094337,539889031
359564,1803,Settlers (Sold by Sulpicians),262154258,277734773,539889031
320597,1803,Settlers (Sold by Sulpicians),262474855,277414176,539889031
215043,1804,Settlers (Sold by Sulpicians),262689898,277199133,539889031
27392,1804,Settlers (Sold by Sulpicians),262717290,277171741,539889031
73867,1804,Settlers (Sold by Sulpicians),262791157,277097874,539889031
68618,1804,Settlers (Sold by Sulpicians),262859775,277029256,539889031
87769,1804,Settlers (Sold by Sulpicians),262947544,276941487,539889031
169326,1804,Settlers (Sold by Sulpicians),263116870,276772161,539889031
235010,1804,Settlers (Sold by Sulpicians),263351880,276537151,539889031
560038,1804,Settlers (Sold by Sulpicians),263911918,275977113,539889031
393645,1804,Settlers (Sold by Sulpicians),264305563,275583468,539889031
351694,1804,Settlers (Sold by Sulpicians),264657257,275231774,539889031
195445,1804,Settlers (Sold by Sulpicians),264852702,275036329,539889031
258356,1804,Settlers (Sold by Sulpicians),265111058,274777973,539889031
295347,1804,Settlers (Sold by Sulpicians),265406405,274482626,539889031
286192,1804,Settlers (Sold by Sulpicians),265692597,274196434,539889031
310938,1804,Settlers (Sold by Sulpicians),266003535,273885496,539889031
240460,1804,Settlers (Sold by Sulpicians),266243995,273645036,539889031
280652,1804,Settlers (Sold by Sulpicians),266524647,273364384,539889031
240495,1804,Settlers (Sold by Sulpicians),266765142,273123889,539889031
225498,1804,Settlers (Sold by Sulpicians),266990640,272898391,539889031
468161,1804,Settlers (Sold by Sulpicians),267458801,272430230,539889031
280688,1804,Settlers (Sold by Sulpicians),267739489,272149542,539889031
303061,1804,Settlers (Sold by Sulpicians),268042550,271846481,539889031
290548,1804,Settlers (Sold by Sulpicians),268333098,271555933,539889031
271226,1804,Settlers (Sold by Sulpicians),268604324,271284707,539889031
245159,1804,Settlers (Sold by Sulpicians),268849483,271039548,539889031
292779,1804,Settlers (Sold by Sulpicians),269142262,270746769,539889031
282524,1804,Settlers (Sold by Sulpicians),269424786,270464245,539889031
288214,1804,Settlers (Sold by Sulpicians),269713000,270176031,539889031
280679,1804,Settlers (Sold by Sulpicians),269993679,269895352,539889031
387150,1804,Settlers (Sold by Sulpicians),270380829,269508202,539889031
287092,1804,Settlers (Sold by Sulpicians),270667921,269221110,539889031
318999,1804,Settlers (Sold by Sulpicians),270986920,268902111,539889031
301115,1804,Settlers (Sold by Sulpicians),271288035,268600996,539889031
289284,1804,Settlers (Sold by Sulpicians),271577319,268311712,539889031
281007,1804,Settlers (Sold by Sulpicians),271858326,268030705,539889031
280380,1804,Settlers (Sold by Sulpicians),272138706,267750325,539889031
233087,1804,Settlers (Sold by Sulpicians),272371793,267517238,539889031
245840,1804,Settlers (Sold by Sulpicians),272617633,267271398,539889031
275217,1804,Settlers (Sold by Sulpicians),272892850,266996181,539889031
241949,1804,Settlers (Sold by Sulpicians),273134799,266754232,539889031
246094,1804,Settlers (Sold by Sulpicians),273380893,266508138,539889031
247420,1804,Settlers (Sold by Sulpicians),273628313,266260718,539889031
214817,1804,Settlers (Sold by Sulpicians),273843130,266045901,539889031
297972,1804,Settlers (Sold by Sulpicians),274141102,265747929,539889031
220830,1804,Settlers (Sold by Sulpicians),274361932,265527099,539889031
285471,1804,Settlers (Sold by Sulpicians),274647403,265241628,539889031
272184,1804,Settlers (Sold by Sulpicians),274919587,264969444,539889031
251276,1804,Settlers (Sold by Sulpicians),275170863,264718168,539889031
247381,1804,Settlers (Sold by Sulpicians),275418244,264470787,539889031
244570,1804,Settlers (Sold by Sulpicians),275662814,264226217,539889031
275630,1804,Settlers (Sold by Sulpicians),275938444,263950587,539889031
236958,1804,Settlers (Sold by Sulpicians),276175402,263713629,539889031
292901,1804,Settlers (Sold by Sulpicians),276468303,263420728,539889031
228682,1804,Settlers (Sold by Sulpicians),276696985,263192046,539889031
273880,1804,Settlers (Sold by Sulpicians),276970865,262918166,539889031
239914,1804,Settlers (Sold by Sulpicians),277210779,262678252,539889031
288907,1804,Settlers (Sold by Sulpicians),277499686,262389345,539889031
273136,1804,Settlers (Sold by Sulpicians),277772822,262116209,539889031
286932,1804,Settlers (Sold by Sulpicians),278059754,261829277,539889031
228323,1804,Settlers (Sold by Sulpicians),278288077,261600954,539889031
243054,1804,Settlers (Sold by Sulpicians),278531131,261357900,539889031
274302,1804,Settlers (Sold by Sulpicians),278805433,261083598,539889031
281739,1804,Settlers (Sold by Sulpicians),279087172,260801859,539889031
258405,1804,Settlers (Sold by Sulpicians),279345577,260543454,539889031
299936,1804,Settlers (Sold by Sulpicians),279645513,260243518,539889031
270529,1804,Settlers (Sold by Sulpicians),279916042,259972989,539889031
266319,1804,Settlers (Sold by Sulpicians),280182361,259706670,539889031
262253,1804,Settlers (Sold by Sulpicians),280444614,259444417,539889031
265955,1804,Settlers (Sold by Sulpicians),280710569,259178462,539889031
283017,1804,Settlers (Sold by Sulpicians),280993586,258895445,539889031
262362,1804,Settlers (Sold by Sulpicians),281255948,258633083,539889031
271603,1804,Settlers (Sold by Sulpicians),281527551,258361480,539889031
304713,1804,Settlers (Sold by Sulpicians),281832264,258056767,539889031
281048,1804,Settlers (Sold by Sulpicians),282113312,257775719,539889031
280871,1804,Settlers (Sold by Sulpicians),282394183,257494848,539889031
270281,1804,Settlers (Sold by Sulpicians),282664464,257224567,539889031
275409,1804,Settlers (Sold by Sulpicians),282939873,256949158,539889031
287471,1804,Settlers (Sold by Sulpicians),283227344,256661687,539889031
279066,1804,Settlers (Sold by Sulpicians),283506410,256382621,539889031
311541,1804,Settlers (Sold by Sulpicians),283817951,256071080,539889031
196239,1804,Settlers (Sold by Sulpicians),284014190,255874841,539889031
295470,1804,Settlers (Sold by Sulpicians),284309660,255579371,539889031
352312,1804,Settlers (Sold by Sulpicians),284661972,255227059,539889031
384918,1804,Settlers (Sold by Sulpicians),285046890,254842141,539889031
272541,1804,Settlers (Sold by Sulpicians),285319431,254569600,539889031
266823,1804,Settlers (Sold by Sulpicians),285586254,254302777,539889031
325187,1804,Settlers (Sold by Sulpicians),285911441,253977590,539889031
296005,1804,Settlers (Sold by Sulpicians),286207446,253681585,539889031
335433,1804,Settlers (Sold by Sulpicians),286542879,253346152,539889031
311972,1804,Settlers (Sold by Sulpicians),286854851,253034180,539889031
467386,1804,Settlers (Sold by Sulpicians),287322237,252566794,539889031
283441,1804,Settlers (Sold by Sulpicians),287605678,252283353,539889031
280498,1804,Settlers (Sold by Sulpicians),287886176,252002855,539889031
298656,1804,Settlers (Sold by Sulpicians),288184832,251704199,539889031
70015,1804,Settlers (Sold by Sulpicians),288254847,251634184,539889031
248464,1805,Settlers (Sold by Sulpicians),288503311,251385720,539889031
262121,1805,Settlers (Sold by Sulpicians),288765432,251123599,539889031
253139,1805,Settlers (Sold by Sulpicians),289018571,250870460,539889031
252152,1805,Settlers (Sold by Sulpicians),289270723,250618308,539889031
278280,1805,Settlers (Sold by Sulpicians),289549003,250340028,539889031
248854,1805,Settlers (Sold by Sulpicians),289797857,250091174,539889031
232293,1805,Settlers (Sold by Sulpicians),290030150,249858881,539889031
233290,1805,Settlers (Sold by Sulpicians),290263440,249625591,539889031
280503,1805,Settlers (Sold by Sulpicians),290543943,249345088,539889031
258858,1805,Settlers (Sold by Sulpicians),290802801,249086230,539889031
249935,1805,Settlers (Sold by Sulpicians),291052736,248836295,539889031
447659,1805,Settlers (Sold by Sulpicians),291500395,248388636,539889031
265142,1805,Settlers (Sold by Sulpicians),291765537,248123494,539889031
301007,1805,Settlers (Sold by Sulpicians),292066544,247822487,539889031
269757,1805,Settlers (Sold by Sulpicians),292336301,247552730,539889031
277017,1805,Settlers (Sold by Sulpicians),292613318,247275713,539889031
346363,1805,Settlers (Sold by Sulpicians),292959681,246929350,539889031
248223,1806,Settlers (Sold by Sulpicians),293207904,246681127,539889031
259185,1806,Settlers (Sold by Sulpicians),293467089,246421942,539889031
286979,1806,Settlers (Sold by Sulpicians),293754068,246134963,539889031
251817,1806,Settlers (Sold by Sulpicians),294005885,245883146,539889031
268440,1809,Settlers (Sold by Sulpicians),294274325,245614706,539889031
253993,1809,Settlers (Sold by Sulpicians),294528318,245360713,539889031
354677,1809,Settlers (Sold by Sulpicians),294882995,245006036,539889031
354711,1810,Settlers (Sold by Sulpicians),295237706,244651325,539889031
370366,1810,Settlers (Sold by Sulpicians),295608072,244280959,539889031
373560,1810,Settlers (Sold by Sulpicians),295981632,243907399,539889031
287196,1810,Settlers (Sold by Sulpicians),296268828,243620203,539889031
312600,1810,Settlers (Sold by Sulpicians),296581428,243307603,539889031
235365,1810,Settlers (Sold by Sulpicians),296816793,243072238,539889031
274625,1810,Settlers (Sold by Sulpicians),297091418,242797613,539889031
47838,1810,Settlers (Sold by Sulpicians),297139256,242749775,539889031
48918,1810,Settlers (Sold by Sulpicians),297188174,242700857,539889031
31191,1810,Settlers (Sold by Sulpicians),297219365,242669666,539889031
37321,1810,Settlers (Sold by Sulpicians),297256686,242632345,539889031
43890,1810,Settlers (Sold by Sulpicians),297300576,242588455,539889031
37743,1810,Settlers (Sold by Sulpicians),297338319,242550712,539889031
32265,1810,Settlers (Sold by Sulpicians),297370584,242518447,539889031
389797,1812,Settlers (Sold by Sulpicians),297760381,242128650,539889031
206549,1812,Settlers (Sold by Sulpicians),297966930,241922101,539889031
319432,1812,Settlers (Sold by Sulpicians),298286362,241602669,539889031
327661,1812,Settlers (Sold by Sulpicians),298614023,241275008,539889031
253105,1815,Settlers (Sold by Sulpicians),298867128,241021903,539889031
273840,1815,Settlers (Sold by Sulpicians),299140968,240748063,539889031
57836,1818,Settlers (Sold by Sulpicians),299198804,240690227,539889031
418388,1819,Settlers (Sold by Sulpicians),299617192,240271839,539889031
261354,1819,Settlers (Sold by Sulpicians),299878546,240010485,539889031
284975,1821,Settlers (Sold by Sulpicians),300163521,239725510,539889031
302827,1821,Settlers (Sold by Sulpicians),300466348,239422683,539889031
430752,1821,Settlers (Sold by Sulpicians),300897100,238991931,539889031
313838,1821,Settlers (Sold by Sulpicians),301210938,238678093,539889031
364266,1821,Settlers (Sold by Sulpicians),301575204,238313827,539889031
323792,1821,Settlers (Sold by Sulpicians),301898996,237990035,539889031
376200,1821,Settlers (Sold by Sulpicians),302275196,237613835,539889031
411863,1821,Settlers (Sold by Sulpicians),302687059,237201972,539889031
388799,1821,Settlers (Sold by Sulpicians),303075858,236813173,539889031
339994,1821,Settlers (Sold by Sulpicians),303415852,236473179,539889031
279931,1821,Settlers (Sold by Sulpicians),303695783,236193248,539889031
562678,1821,Settlers (Sold by Sulpicians),304258461,235630570,539889031
461936,1821,Settlers (Sold by Sulpicians),304720397,235168634,539889031
350881,1822,Settlers (Sold by Sulpicians),305071278,234817753,539889031
415777,1822,Settlers (Sold by Sulpicians),305487055,234401976,539889031
431919,1822,Settlers (Sold by Sulpicians),305918974,233970057,539889031
405972,1822,Settlers (Sold by Sulpicians),306324946,233564085,539889031
397329,1822,Settlers (Sold by Sulpicians),306722275,233166756,539889031
394772,1822,Settlers (Sold by Sulpicians),307117047,232771984,539889031
280232,1822,Settlers (Sold by Sulpicians),307397279,232491752,539889031
248479,1822,Settlers (Sold by Sulpicians),307645758,232243273,539889031
234062,1822,Settlers (Sold by Sulpicians),307879820,232009211,539889031
273032,1822,Settlers (Sold by Sulpicians),308152852,231736179,539889031
276409,1822,Settlers (Sold by Sulpicians),308429261,231459770,539889031
263227,1822,Settlers (Sold by Sulpicians),308692488,231196543,539889031
266283,1822,Settlers (Sold by Sulpicians),308958771,230930260,539889031
242913,1822,Settlers (Sold by Sulpicians),309201684,230687347,539889031
315450,1822,Settlers (Sold by Sulpicians),309517134,230371897,539889031
482845,1822,Settlers (Sold by Sulpicians),309999979,229889052,539889031
364979,1822,Settlers (Sold by Sulpicians),310364958,229524073,539889031
580535,1822,Settlers (Sold by Sulpicians),310945493,228943538,539889031
489005,1822,Settlers (Sold by Sulpicians),311434498,228454533,539889031
361126,1822,Settlers (Sold by Sulpicians),311795624,228093407,539889031
338954,1822,Settlers (Sold by Sulpicians),312134578,227754453,539889031
276906,1822,Settlers (Sold by Sulpicians),312411484,227477547,539889031
290157,1822,Settlers (Sold by Sulpicians),312701641,227187390,539889031
204258,1822,Settlers (Sold by Sulpicians),312905899,226983132,539889031
465498,1822,Settlers (Sold by Sulpicians),313371397,226517634,539889031
444086,1822,Settlers (Sold by Sulpicians),313815483,226073548,539889031
466297,1822,Settlers (Sold by Sulpicians),314281780,225607251,539889031
332632,1822,Settlers (Sold by Sulpicians),314614412,225274619,539889031
506303,1822,Settlers (Sold by Sulpicians),315120715,224768316,539889031
377582,1822,Settlers (Sold by Sulpicians),315498297,224390734,539889031
381352,1822,Settlers (Sold by Sulpicians),315879649,224009382,539889031
296026,1822,Settlers (Sold by Sulpicians),316175675,223713356,539889031
302714,1822,Settlers (Sold by Sulpicians),316478389,223410642,539889031
265482,1822,Settlers (Sold by Sulpicians),316743871,223145160,539889031
267762,1822,Settlers (Sold by Sulpicians),317011633,222877398,539889031
296076,1822,Settlers (Sold by Sulpicians),317307709,222581322,539889031
291387,1822,Settlers (Sold by Sulpicians),317599096,222289935,539889031
251103,1822,Settlers (Sold by Sulpicians),317850199,222038832,539889031
550714,1822,Settlers (Sold by Sulpicians),318400913,221488118,539889031
396378,1822,Settlers (Sold by Sulpicians),318797291,221091740,539889031
328206,1822,Settlers (Sold by Sulpicians),319125497,220763534,539889031
349828,1822,Settlers (Sold by Sulpicians),319475325,220413706,539889031
333521,1822,Settlers (Sold by Sulpicians),319808846,220080185,539889031
305077,1822,Settlers (Sold by Sulpicians),320113923,219775108,539889031
324700,1822,Settlers (Sold by Sulpicians),320438623,219450408,539889031
379514,1822,Settlers (Sold by Sulpicians),320818137,219070894,539889031
382499,1822,Settlers (Sold by Sulpicians),321200636,218688395,539889031
369327,1822,Settlers (Sold by Sulpicians),321569963,218319068,539889031
520080,1822,Settlers (Sold by Sulpicians),322090043,217798988,539889031
449791,1822,Settlers (Sold by Sulpicians),322539834,217349197,539889031
522068,1822,Settlers (Sold by Sulpicians),323061902,216827129,539889031
402165,1822,Settlers (Sold by Sulpicians),323464067,216424964,539889031
559409,1822,Settlers (Sold by Sulpicians),324023476,215865555,539889031
477190,1822,Settlers (Sold by Sulpicians),324500666,215388365,539889031
583128,1822,Settlers (Sold by Sulpicians),325083794,214805237,539889031
499900,1822,Settlers (Sold by Sulpicians),325583694,214305337,539889031
541102,1822,Settlers (Sold by Sulpicians),326124796,213764235,539889031
530917,1822,Settlers (Sold by Sulpicians),326655713,213233318,539889031
506445,1822,Settlers (Sold by Sulpicians),327162158,212726873,539889031
456227,1822,Settlers (Sold by Sulpicians),327618385,212270646,539889031
509104,1822,Settlers (Sold by Sulpicians),328127489,211761542,539889031
464213,1822,Settlers (Sold by Sulpicians),328591702,211297329,539889031
537954,1822,Settlers (Sold by Sulpicians),329129656,210759375,539889031
514241,1822,Settlers (Sold by Sulpicians),329643897,210245134,539889031
495436,1822,Settlers (Sold by Sulpicians),330139333,209749698,539889031
348551,1822,Settlers (Sold by Sulpicians),330487884,209401147,539889031
363793,1822,Settlers (Sold by Sulpicians),330851677,209037354,539889031
339245,1822,Settlers (Sold by Sulpicians),331190922,208698109,539889031
313417,1822,Settlers (Sold by Sulpicians),331504339,208384692,539889031
405006,1822,Settlers (Sold by Sulpicians),331909345,207979686,539889031
334186,1822,Settlers (Sold by Sulpicians),332243531,207645500,539889031
304943,1822,Settlers (Sold by Sulpicians),332548474,207340557,539889031
307642,1822,Settlers (Sold by Sulpicians),332856116,207032915,539889031
394220,1822,Settlers (Sold by Sulpicians),333250336,206638695,539889031
392570,1822,Settlers (Sold by Sulpicians),333642906,206246125,539889031
237834,1822,Settlers (Sold by Sulpicians),333880740,206008291,539889031
228109,1822,Settlers (Sold by Sulpicians),334108849,205780182,539889031
262022,1822,Settlers (Sold by Sulpicians),334370871,205518160,539889031
242856,1822,Settlers (Sold by Sulpicians),334613727,205275304,539889031
362790,1822,Settlers (Sold by Sulpicians),334976517,204912514,539889031
267019,1822,Settlers (Sold by Sulpicians),335243536,204645495,539889031
322884,1822,Settlers (Sold by Sulpicians),335566420,204322611,539889031
414056,1823,Settlers (Sold by Sulpicians),335980476,203908555,539889031
364788,1823,Settlers (Sold by Sulpicians),336345264,203543767,539889031
380422,1823,Settlers (Sold by Sulpicians),336725686,203163345,539889031
372524,1823,Settlers (Sold by Sulpicians),337098210,202790821,539889031
276198,1823,Settlers (Sold by Sulpicians),337374408,202514623,539889031
236246,1823,Settlers (Sold by Sulpicians),337610654,202278377,539889031
476299,1823,Settlers (Sold by Sulpicians),338086953,201802078,539889031
419745,1824,Settlers (Sold by Sulpicians),338506698,201382333,539889031
345668,1824,Settlers (Sold by Sulpicians),338852366,201036665,539889031
467944,1825,Settlers (Sold by Sulpicians),339320310,200568721,539889031
466170,1825,Settlers (Sold by Sulpicians),339786480,200102551,539889031
377987,1825,Settlers (Sold by Sulpicians),340164467,199724564,539889031
432586,1825,Settlers (Sold by Sulpicians),340597053,199291978,539889031
410558,1825,Settlers (Sold by Sulpicians),341007611,198881420,539889031
367670,1825,Settlers (Sold by Sulpicians),341375281,198513750,539889031
319207,1825,Settlers (Sold by Sulpicians),341694488,198194543,539889031
288391,1825,Settlers (Sold by Sulpicians),341982879,197906152,539889031
364255,1825,Settlers (Sold by Sulpicians),342347134,197541897,539889031
355237,1825,Settlers (Sold by Sulpicians),342702371,197186660,539889031
298677,1825,Settlers (Sold by Sulpicians),343001048,196887983,539889031
272297,1825,Settlers (Sold by Sulpicians),343273345,196615686,539889031
358548,1825,Settlers (Sold by Sulpicians),343631893,196257138,539889031
557262,1825,Settlers (Sold by Sulpicians),344189155,195699876,539889031
469885,1825,Settlers (Sold by Sulpicians),344659040,195229991,539889031
272314,1825,Settlers (Sold by Sulpicians),344931354,194957677,539889031
412398,1825,Settlers (Sold by Sulpicians),345343752,194545279,539889031
303574,1825,Settlers (Sold by Sulpicians),345647326,194241705,539889031
389388,1825,Settlers (Sold by Sulpicians),346036714,193852317,539889031
328783,1825,Settlers (Sold by Sulpicians),346365497,193523534,539889031
327574,1825,Settlers (Sold by Sulpicians),346693071,193195960,539889031
277141,1825,Settlers (Sold by Sulpicians),346970212,192918819,539889031
325617,1825,Settlers (Sold by Sulpicians),347295829,192593202,539889031
388295,1825,Settlers (Sold by Sulpicians),347684124,192204907,539889031
356753,1825,Settlers (Sold by Sulpicians),348040877,191848154,539889031
309358,1825,Settlers (Sold by Sulpicians),348350235,191538796,539889031
280982,1825,Settlers (Sold by Sulpicians),348631217,191257814,539889031
346178,1825,Settlers (Sold by Sulpicians),348977395,190911636,539889031
321970,1825,Settlers (Sold by Sulpicians),349299365,190589666,539889031
314561,1825,Settlers (Sold by Sulpicians),349613926,190275105,539889031
307425,1825,Settlers (Sold by Sulpicians),349921351,189967680,539889031
276483,1825,Settlers (Sold by Sulpicians),350197834,189691197,539889031
368818,1825,Settlers (Sold by Sulpicians),350566652,189322379,539889031
317799,1825,Settlers (Sold by Sulpicians),350884451,189004580,539889031
285130,1825,Settlers (Sold by Sulpicians),351169581,188719450,539889031
304686,1825,Settlers (Sold by Sulpicians),351474267,188414764,539889031
341588,1825,Settlers (Sold by Sulpicians),351815855,188073176,539889031
244796,1825,Settlers (Sold by Sulpicians),352060651,187828380,539889031
327110,1825,Settlers (Sold by Sulpicians),352387761,187501270,539889031
217791,1825,Settlers (Sold by Sulpicians),352605552,187283479,539889031
253921,1825,Settlers (Sold by Sulpicians),352859473,187029558,539889031
304952,1825,Settlers (Sold by Sulpicians),353164425,186724606,539889031
141800,1825,Settlers (Sold by Sulpicians),353306225,186582806,539889031
256558,1825,Settlers (Sold by Sulpicians),353562783,186326248,539889031
295663,1825,Settlers (Sold by Sulpicians),353858446,186030585,539889031
295409,1825,Settlers (Sold by Sulpicians),354153855,185735176,539889031
263009,1825,Settlers (Sold by Sulpicians),354416864,185472167,539889031
257226,1825,Settlers (Sold by Sulpicians),354674090,185214941,539889031
263902,1825,Settlers (Sold by Sulpicians),354937992,184951039,539889031
247799,1825,Settlers (Sold by Sulpicians),355185791,184703240,539889031
247846,1825,Settlers (Sold by Sulpicians),355433637,184455394,539889031
265308,1825,Settlers (Sold by Sulpicians),355698945,184190086,539889031
250237,1825,Settlers (Sold by Sulpicians),355949182,183939849,539889031
249512,1825,Settlers (Sold by Sulpicians),356198694,183690337,539889031
278530,1825,Settlers (Sold by Sulpicians),356477224,183411807,539889031
513994,1825,Settlers (Sold by Sulpicians),356991218,182897813,539889031
293628,1826,Settlers (Sold by Sulpicians),357284846,182604185,539889031
292669,1826,Settlers (Sold by Sulpicians),357577515,182311516,539889031
218013,1826,Settlers (Sold by Sulpicians),357795528,182093503,539889031
307764,1826,Settlers (Sold by Sulpicians),358103292,181785739,539889031
435187,1826,Settlers (Sold by Sulpicians),358538479,181350552,539889031
283296,1826,Settlers (Sold by Sulpicians),358821775,181067256,539889031
347480,1826,Settlers (Sold by Sulpicians),359169255,180719776,539889031
265406,1826,Settlers (Sold by Sulpicians),359434661,180454370,539889031
301668,1826,Settlers (Sold by Sulpicians),359736329,180152702,539889031
377558,1826,Settlers (Sold by Sulpicians),360113887,179775144,539889031
244539,1826,Settlers (Sold by Sulpicians),360358426,179530605,539889031
316999,1826,Settlers (Sold by Sulpicians),360675425,179213606,539889031
325893,1826,Settlers (Sold by Sulpicians),361001318,178887713,539889031
587014,1826,Settlers (Sold by Sulpicians),361588332,178300699,539889031
444256,1826,Settlers (Sold by Sulpicians),362032588,177856443,539889031
316016,1826,Settlers (Sold by Sulpicians),362348604,177540427,539889031
333705,1826,Settlers (Sold by Sulpicians),362682309,177206722,539889031
320145,1826,Settlers (Sold by Sulpicians),363002454,176886577,539889031
289830,1826,Settlers (Sold by Sulpicians),363292284,176596747,539889031
319400,1826,Settlers (Sold by Sulpicians),363611684,176277347,539889031
322748,1826,Settlers (Sold by Sulpicians),363934432,175954599,539889031
312178,1826,Settlers (Sold by Sulpicians),364246610,175642421,539889031
358903,1826,Settlers (Sold by Sulpicians),364605513,175283518,539889031
376592,1826,Settlers (Sold by Sulpicians),364982105,174906926,539889031
313429,1826,Settlers (Sold by Sulpicians),365295534,174593497,539889031
357555,1826,Settlers (Sold by Sulpicians),365653089,174235942,539889031
369450,1826,Settlers (Sold by Sulpicians),366022539,173866492,539889031
369979,1826,Settlers (Sold by Sulpicians),366392518,173496513,539889031
370807,1826,Settlers (Sold by Sulpicians),366763325,173125706,539889031
452834,1826,Settlers (Sold by Sulpicians),367216159,172672872,539889031
445205,1826,Settlers (Sold by Sulpicians),367661364,172227667,539889031
271762,1826,Settlers (Sold by Sulpicians),367933126,171955905,539889031
336556,1826,Settlers (Sold by Sulpicians),368269682,171619349,539889031
278273,1826,Settlers (Sold by Sulpicians),368547955,171341076,539889031
278176,1826,Settlers (Sold by Sulpicians),368826131,171062900,539889031
232025,1826,Settlers (Sold by Sulpicians),369058156,170830875,539889031
206569,1826,Settlers (Sold by Sulpicians),369264725,170624306,539889031
273505,1826,Settlers (Sold by Sulpicians),369538230,170350801,539889031
315724,1826,Settlers (Sold by Sulpicians),369853954,170035077,539889031
332667,1826,Settlers (Sold by Sulpicians),370186621,169702410,539889031
331017,1826,Settlers (Sold by Sulpicians),370517638,169371393,539889031
284204,1826,Settlers (Sold by Sulpicians),370801842,169087189,539889031
337557,1826,Settlers (Sold by Sulpicians),371139399,168749632,539889031
319979,1826,Settlers (Sold by Sulpicians),371459378,168429653,539889031
156431,1826,Settlers (Sold by Sulpicians),371615809,168273222,539889031
246422,1826,Settlers (Sold by Sulpicians),371862231,168026800,539889031
246339,1826,Settlers (Sold by Sulpicians),372108570,167780461,539889031
183727,1826,Settlers (Sold by Sulpicians),372292297,167596734,539889031
280316,1826,Settlers (Sold by Sulpicians),372572613,167316418,539889031
362197,1826,Settlers (Sold by Sulpicians),372934810,166954221,539889031
464235,1826,Settlers (Sold by Sulpicians),373399045,166489986,539889031
476992,1826,Settlers (Sold by Sulpicians),373876037,166012994,539889031
354485,1826,Settlers (Sold by Sulpicians),374230522,165658509,539889031
398312,1826,Settlers (Sold by Sulpicians),374628834,165260197,539889031
314654,1826,Settlers (Sold by Sulpicians),374943488,164945543,539889031
396141,1826,Settlers (Sold by Sulpicians),375339629,164549402,539889031
348025,1826,Settlers (Sold by Sulpicians),375687654,164201377,539889031
355087,1826,Settlers (Sold by Sulpicians),376042741,163846290,539889031
325198,1826,Settlers (Sold by Sulpicians),376367939,163521092,539889031
259128,1826,Settlers (Sold by Sulpicians),376627067,163261964,539889031
327321,1826,Settlers (Sold by Sulpicians),376954388,162934643,539889031
470951,1826,Settlers (Sold by Sulpicians),377425339,162463692,539889031
311510,1826,Settlers (Sold by Sulpicians),377736849,162152182,539889031
517136,1826,Settlers (Sold by Sulpicians),378253985,161635046,539889031
442738,1826,Settlers (Sold by Sulpicians),378696723,161192308,539889031
298240,1826,Settlers (Sold by Sulpicians),378994963,160894068,539889031
337434,1826,Settlers (Sold by Sulpicians),379332397,160556634,539889031
424975,1826,Settlers (Sold by Sulpicians),379757372,160131659,539889031
390994,1826,Settlers (Sold by Sulpicians),380148366,159740665,539889031
382305,1826,Settlers (Sold by Sulpicians),380530671,159358360,539889031
425644,1826,Settlers (Sold by Sulpicians),380956315,158932716,539889031
292865,1826,Settlers (Sold by Sulpicians),381249180,158639851,539889031
346133,1826,Settlers (Sold by Sulpicians),381595313,158293718,539889031
371191,1826,Settlers (Sold by Sulpicians),381966504,157922527,539889031
357218,1826,Settlers (Sold by Sulpicians),382323722,157565309,539889031
380269,1826,Settlers (Sold by Sulpicians),382703991,157185040,539889031
341106,1826,Settlers (Sold by Sulpicians),383045097,156843934,539889031
359204,1826,Settlers (Sold by Sulpicians),383404301,156484730,539889031
319998,1826,Settlers (Sold by Sulpicians),383724299,156164732,539889031
342035,1826,Settlers (Sold by Sulpicians),384066334,155822697,539889031
287927,1826,Settlers (Sold by Sulpicians),384354261,155534770,539889031
304583,1826,Settlers (Sold by Sulpicians),384658844,155230187,539889031
651699,1826,Settlers (Sold by Sulpicians),385310543,154578488,539889031
344070,1826,Settlers (Sold by Sulpicians),385654613,154234418,539889031
364883,1826,Settlers (Sold by Sulpicians),386019496,153869535,539889031
310318,1826,Settlers (Sold by Sulpicians),386329814,153559217,539889031
310780,1826,Settlers (Sold by Sulpicians),386640594,153248437,539889031
318407,1826,Settlers (Sold by Sulpicians),386959001,152930030,539889031
285488,1826,Settlers (Sold by Sulpicians),387244489,152644542,539889031
269333,1826,Settlers (Sold by Sulpicians),387513822,152375209,539889031
282115,1826,Settlers (Sold by Sulpicians),387795937,152093094,539889031
268954,1826,Settlers (Sold by Sulpicians),388064891,151824140,539889031
264072,1826,Settlers (Sold by Sulpicians),388328963,151560068,539889031
303050,1826,Settlers (Sold by Sulpicians),388632013,151257018,539889031
264240,1826,Settlers (Sold by Sulpicians),388896253,150992778,539889031
264378,1826,Settlers (Sold by Sulpicians),389160631,150728400,539889031
248559,1826,Settlers (Sold by Sulpicians),389409190,150479841,539889031
278403,1826,Settlers (Sold by Sulpicians),389687593,150201438,539889031
287832,1826,Settlers (Sold by Sulpicians),389975425,149913606,539889031
266172,1826,Settlers (Sold by Sulpicians),390241597,149647434,539889031
250058,1826,Settlers (Sold by Sulpicians),390491655,149397376,539889031
270305,1826,Settlers (Sold by Sulpicians),390761960,149127071,539889031
306684,1826,Settlers (Sold by Sulpicians),391068644,148820387,539889031
229992,1826,Settlers (Sold by Sulpicians),391298636,148590395,539889031
257341,1826,Settlers (Sold by Sulpicians),391555977,148333054,539889031
251427,1826,Settlers (Sold by Sulpicians),391807404,148081627,539889031
300381,1826,Settlers (Sold by Sulpicians),392107785,147781246,539889031
270233,1826,Settlers (Sold by Sulpicians),392378018,147511013,539889031
294140,1826,Settlers (Sold by Sulpicians),392672158,147216873,539889031
303312,1826,Settlers (Sold by Sulpicians),392975470,146913561,539889031
294738,1826,Settlers (Sold by Sulpicians),393270208,146618823,539889031
293336,1826,Settlers (Sold by Sulpicians),393563544,146325487,539889031
322846,1826,Settlers (Sold by Sulpicians),393886390,146002641,539889031
296551,1826,Settlers (Sold by Sulpicians),394182941,145706090,539889031
279353,1826,Settlers (Sold by Sulpicians),394462294,145426737,539889031
278532,1826,Settlers (Sold by Sulpicians),394740826,145148205,539889031
280085,1826,Settlers (Sold by Sulpicians),395020911,144868120,539889031
400000,1826,Settlers (Sold by Sulpicians),395420911,144468120,539889031
311985,1826,Settlers (Sold by Sulpicians),395732896,144156135,539889031
333469,1826,Settlers (Sold by Sulpicians),396066365,143822666,539889031
3018621,1826,Settlers (Sold by Sulpicians),399084986,140804045,539889031
352168,1826,Settlers (Sold by Sulpicians),399437154,140451877,539889031
382733,1826,Settlers (Sold by Sulpicians),399819887,140069144,539889031
204046,1826,Settlers (Sold by Sulpicians),400023933,139865098,539889031
280377,1826,Settlers (Sold by Sulpicians),400304310,139584721,539889031
344682,1826,Settlers (Sold by Sulpicians),400648992,139240039,539889031
261715,1826,Settlers (Sold by Sulpicians),400910707,138978324,539889031
274550,1826,Settlers (Sold by Sulpicians),401185257,138703774,539889031
235592,1826,Settlers (Sold by Sulpicians),401420849,138468182,539889031
284266,1826,Settlers (Sold by Sulpicians),401705115,138183916,539889031
590853,1826,Settlers (Sold by Sulpicians),402295968,137593063,539889031
438235,1827,Settlers (Sold by Sulpicians),402734203,137154828,539889031
175559,1827,Settlers (Sold by Sulpicians),402909762,136979269,539889031
240550,1827,Settlers (Sold by Sulpicians),403150312,136738719,539889031
261349,1827,Settlers (Sold by Sulpicians),403411661,136477370,539889031
210281,1827,Settlers (Sold by Sulpicians),403621942,136267089,539889031
270118,1827,Settlers (Sold by Sulpicians),403892060,135996971,539889031
162120,1827,Settlers (Sold by Sulpicians),404054180,135834851,539889031
330425,1827,Settlers (Sold by Sulpicians),404384605,135504426,539889031
349294,1827,Settlers (Sold by Sulpicians),404733899,135155132,539889031
445977,1827,Settlers (Sold by Sulpicians),405179876,134709155,539889031
411625,1827,Settlers (Sold by Sulpicians),405591501,134297530,539889031
344396,1827,Settlers (Sold by Sulpicians),405935897,133953134,539889031
328386,1827,Settlers (Sold by Sulpicians),406264283,133624748,539889031
291212,1827,Settlers (Sold by Sulpicians),406555495,133333536,539889031
483695,1827,Settlers (Sold by Sulpicians),407039190,132849841,539889031
279784,1827,Settlers (Sold by Sulpicians),407318974,132570057,539889031
515355,1827,Settlers (Sold by Sulpicians),407834329,132054702,539889031
305419,1827,Settlers (Sold by Sulpicians),408139748,131749283,539889031
78567,1827,Settlers (Sold by Sulpicians),408218315,131670716,539889031
166472,1828,Settlers (Sold by Sulpicians),408384787,131504244,539889031
284351,1828,Settlers (Sold by Sulpicians),408669138,131219893,539889031
193432,1828,Settlers (Sold by Sulpicians),408862570,131026461,539889031
278916,1828,Settlers (Sold by Sulpicians),409141486,130747545,539889031
305179,1828,Settlers (Sold by Sulpicians),409446665,130442366,539889031
366294,1828,Settlers (Sold by Sulpicians),409812959,130076072,539889031
154078,1829,Settlers (Sold by Sulpicians),409967037,129921994,539889031
148389,1829,Settlers (Sold by Sulpicians),410115426,129773605,539889031
325299,1829,Settlers (Sold by Sulpicians),410440725,129448306,539889031
356750,1829,Settlers (Sold by Sulpicians),410797475,129091556,539889031
445723,1829,Settlers (Sold by Sulpicians),411243198,128645833,539889031
281246,1829,Settlers (Sold by Sulpicians),411524444,128364587,539889031
261526,1829,Settlers (Sold by Sulpicians),411785970,128103061,539889031
181247,1830,Settlers (Sold by Sulpicians),411967217,127921814,539889031
444782,1833,Settlers (Sold by Sulpicians),412411999,127477032,539889031
266167,1833,Settlers (Sold by Sulpicians),412678166,127210865,539889031
252662,1833,Settlers (Sold by Sulpicians),412930828,126958203,539889031
278653,1833,Settlers (Sold by Sulpicians),413209481,126679550,539889031
200349,1833,Settlers (Sold by Sulpicians),413409830,126479201,539889031
144164,1833,Settlers (Sold by Sulpicians),413553994,126335037,539889031
146099,1835,Settlers (Sold by Sulpicians),413700093,126188938,539889031
162798,1835,Settlers (Sold by Sulpicians),413862891,126026140,539889031
396697,1837,Settlers (Sold by Sulpicians),414259588,125629443,539889031
294355,1845,Settlers (Sold by Sulpicians),414553943,125335088,539889031
427744,1847,Settlers (Sold by Sulpicians),414981687,124907344,539889031
71835,1853,Settlers (Sold by Sulpicians),415053522,124835509,539889031
143000,1856,Settlers (Sold by Sulpicians),415196522,124692509,539889031
338113,1856,Settlers (Sold by Sulpicians),415534635,124354396,539889031
297976,1857,Settlers (Sold by Sulpicians),415832611,124056420,539889031
274643,1857,Settlers (Sold by Sulpicians),416107254,123781777,539889031
357979,1857,Settlers (Sold by Sulpicians),416465233,123423798,539889031
208883,1857,Settlers (Sold by Sulpicians),416674116,123214915,539889031
234713,1857,Settlers (Sold by Sulpicians),416908829,122980202,539889031
202020,1857,Settlers (Sold by Sulpicians),417110849,122778182,539889031
223504,1857,Settlers (Sold by Sulpicians),417334353,122554678,539889031
292378,1857,Settlers (Sold by Sulpicians),417626731,122262300,539889031
212689,1857,Settlers (Sold by Sulpicians),417839420,122049611,539889031
370125,1857,Settlers (Sold by Sulpicians),418209545,121679486,539889031
285709,1857,Settlers (Sold by Sulpicians),418495254,121393777,539889031
330937,1858,Settlers (Sold by Sulpicians),418826191,121062840,539889031
720167,1858,Settlers (Sold by Sulpicians),419546358,120342673,539889031
459175,1860,Settlers (Sold by Sulpicians),420005533,119883498,539889031
307131,1860,Settlers (Sold by Sulpicians),420312664,119576367,539889031
335197,1861,Settlers (Sold by Sulpicians),420647861,119241170,539889031
357504,1861,Settlers (Sold by Sulpicians),421005365,118883666,539889031
325555,1861,Settlers (Sold by Sulpicians),421330920,118558111,539889031
248085,1861,Settlers (Sold by Sulpicians),421579005,118310026,539889031
251702,1861,Settlers (Sold by Sulpicians),421830707,118058324,539889031
476353,1861,Settlers (Sold by Sulpicians),422307060,117581971,539889031
446268,1861,Settlers (Sold by Sulpicians),422753328,117135703,539889031
389894,1861,Settlers (Sold by Sulpicians),423143222,116745809,539889031
419581,1861,Settlers (Sold by Sulpicians),423562803,116326228,539889031
239782,1861,Settlers (Sold by Sulpicians),423802585,116086446,539889031
364141,1861,Settlers (Sold by Sulpicians),424166726,115722305,539889031
544738,1861,Settlers (Sold by Sulpicians),424711464,115177567,539889031
379009,1861,Settlers (Sold by Sulpicians),425090473,114798558,539889031
333286,1861,Settlers (Sold by Sulpicians),425423759,114465272,539889031
324024,1861,Settlers (Sold by Sulpicians),425747783,114141248,539889031
324314,1861,Settlers (Sold by Sulpicians),426072097,113816934,539889031
359203,1861,Settlers (Sold by Sulpicians),426431300,113457731,539889031
279359,1861,Settlers (Sold by Sulpicians),426710659,113178372,539889031
248687,1861,Settlers (Sold by Sulpicians),426959346,112929685,539889031
339745,1861,Settlers (Sold by Sulpicians),427299091,112589940,539889031
256203,1861,Settlers (Sold by Sulpicians),427555294,112333737,539889031
302255,1861,Settlers (Sold by Sulpicians),427857549,112031482,539889031
336398,1861,Settlers (Sold by Sulpicians),428193947,111695084,539889031
261058,1861,Settlers (Sold by Sulpicians),428455005,111434026,539889031
239972,1861,Settlers (Sold by Sulpicians),428694977,111194054,539889031
280263,1861,Settlers (Sold by Sulpicians),428975240,110913791,539889031
392863,1861,Settlers (Sold by Sulpicians),429368103,110520928,539889031
335847,1861,Settlers (Sold by Sulpicians),429703950,110185081,539889031
409464,1861,Settlers (Sold by Sulpicians),430113414,109775617,539889031
258462,1861,Settlers (Sold by Sulpicians),430371876,109517155,539889031
316989,1861,Settlers (Sold by Sulpicians),430688865,109200166,539889031
505309,1861,Settlers (Sold by Sulpicians),431194174,108694857,539889031
289415,1863,Settlers (Sold by Sulpicians),431483589,108405442,539889031
235852,1863,Settlers (Sold by Sulpicians),431719441,108169590,539889031
203508,1863,Settlers (Sold by Sulpicians),431922949,107966082,539889031
367064,1865,Settlers (Sold by Sulpicians),432290013,107599018,539889031
143989,1865,Settlers (Sold by Sulpicians),432434002,107455029,539889031
588616,1866,Settlers (Sold by Sulpicians),433022618,106866413,539889031
315161,1866,Settlers (Sold by Sulpicians),433337779,106551252,539889031
251932,1866,Settlers (Sold by Sulpicians),433589711,106299320,539889031
253404,1866,Settlers (Sold by Sulpicians),433843115,106045916,539889031
226493,1866,Settlers (Sold by Sulpicians),434069608,105819423,539889031
276696,1866,Settlers (Sold by Sulpicians),434346304,105542727,539889031
246129,1866,Settlers (Sold by Sulpicians),434592433,105296598,539889031
332329,1867,Settlers (Sold by Sulpicians),434924762,104964269,539889031
275656,1867,Settlers (Sold by Sulpicians),435200418,104688613,539889031
255826,1868,Settlers (Sold by Sulpicians),435456244,104432787,539889031
234127,1868,Settlers (Sold by Sulpicians),435690371,104198660,539889031
239350,1868,Settlers (Sold by Sulpicians),435929721,103959310,539889031
272402,1868,Settlers (Sold by Sulpicians),436202123,103686908,539889031
384521,1868,Settlers (Sold by Sulpicians),436586644,103302387,539889031
459315,1868,Settlers (Sold by Sulpicians),437045959,102843072,539889031
264743,1868,Settlers (Sold by Sulpicians),437310702,102578329,539889031
310265,1868,Settlers (Sold by Sulpicians),437620967,102268064,539889031
226002,1868,Settlers (Sold by Sulpicians),437846969,102042062,539889031
234873,1868,Settlers (Sold by Sulpicians),438081842,101807189,539889031
269591,1868,Settlers (Sold by Sulpicians),438351433,101537598,539889031
194829,1870,Settlers (Sold by Sulpicians),438546262,101342769,539889031
170768,1870,Settlers (Sold by Sulpicians),438717030,101172001,539889031
217649,1870,Settlers (Sold by Sulpicians),438934679,100954352,539889031
207483,1870,Settlers (Sold by Sulpicians),439142162,100746869,539889031
211127,1870,Settlers (Sold by Sulpicians),439353289,100535742,539889031
190742,1870,Settlers (Sold by Sulpicians),439544031,100345000,539889031
194761,1870,Settlers (Sold by Sulpicians),439738792,100150239,539889031
188231,1870,Settlers (Sold by Sulpicians),439927023,99962008,539889031
148372,1870,Settlers (Sold by Sulpicians),440075395,99813636,539889031
169260,1870,Settlers (Sold by Sulpicians),440244655,99644376,539889031
148869,1870,Settlers (Sold by Sulpicians),440393524,99495507,539889031
139062,1870,Settlers (Sold by Sulpicians),440532586,99356445,539889031
157323,1870,Settlers (Sold by Sulpicians),440689909,99199122,539889031
161610,1870,Settlers (Sold by Sulpicians),440851519,99037512,539889031
132005,1870,Settlers (Sold by Sulpicians),440983524,98905507,539889031
239996,1870,Settlers (Sold by Sulpicians),441223520,98665511,539889031
211935,1870,Settlers (Sold by Sulpicians),441435455,98453576,539889031
224124,1870,Settlers (Sold by Sulpicians),441659579,98229452,539889031
243257,1870,Settlers (Sold by Sulpicians),441902836,97986195,539889031
200120,1870,Settlers (Sold by Sulpicians),442102956,97786075,539889031
196463,1870,Settlers (Sold by Sulpicians),442299419,97589612,539889031
334478,1870,Settlers (Sold by Sulpicians),442633897,97255134,539889031
323649,1870,Settlers (Sold by Sulpicians),442957546,96931485,539889031
169450,1871,Settlers (Sold by Sulpicians),443126996,96762035,539889031
139159,1871,Settlers (Sold by Sulpicians),443266155,96622876,539889031
113493,1871,Settlers (Sold by Sulpicians),443379648,96509383,539889031
98882,1871,Settlers (Sold by Sulpicians),443478530,96410501,539889031
1012450,1871,Settlers (Sold by Sulpicians),444490980,95398051,539889031
347028,1871,Settlers (Sold by Sulpicians),444838008,95051023,539889031
3378613,1871,Settlers (Sold by Sulpicians),448216621,91672410,539889031
158107,1871,Settlers (Sold by Sulpicians),448374728,91514303,539889031
145726,1871,Settlers (Sold by Sulpicians),448520454,91368577,539889031
169798,1871,Settlers (Sold by Sulpicians),448690252,91198779,539889031
143117,1871,Settlers (Sold by Sulpicians),448833369,91055662,539889031
169308,1871,Settlers (Sold by Sulpicians),449002677,90886354,539889031
165077,1871,Settlers (Sold by Sulpicians),449167754,90721277,539889031
388635,1871,Settlers (Sold by Sulpicians),449556389,90332642,539889031
280121,1871,Settlers (Sold by Sulpicians),449836510,90052521,539889031
266020,1871,Settlers (Sold by Sulpicians),450102530,89786501,539889031
332676,1871,Settlers (Sold by Sulpicians),450435206,89453825,539889031
323837,1871,Settlers (Sold by Sulpicians),450759043,89129988,539889031
332550,1871,Settlers (Sold by Sulpicians),451091593,88797438,539889031
154923,1871,Settlers (Sold by Sulpicians),451246516,88642515,539889031
210161,1871,Settlers (Sold by Sulpicians),451456677,88432354,539889031
161188,1871,Settlers (Sold by Sulpicians),451617865,88271166,539889031
218272,1871,Settlers (Sold by Sulpicians),451836137,88052894,539889031
194405,1871,Settlers (Sold by Sulpicians),452030542,87858489,539889031
208231,1871,Settlers (Sold by Sulpicians),452238773,87650258,539889031
1379054,1871,Settlers (Sold by Sulpicians),453617827,86271204,539889031
254903,1871,Settlers (Sold by Sulpicians),453872730,86016301,539889031
507758,1871,Settlers (Sold by Sulpicians),454380488,85508543,539889031
301017,1871,Settlers (Sold by Sulpicians),454681505,85207526,539889031
243734,1871,Settlers (Sold by Sulpicians),454925239,84963792,539889031
241558,1871,Settlers (Sold by Sulpicians),455166797,84722234,539889031
336673,1871,Settlers (Sold by Sulpicians),455503470,84385561,539889031
267994,1871,Settlers (Sold by Sulpicians),455771464,84117567,539889031
368170,1871,Settlers (Sold by Sulpicians),456139634,83749397,539889031
384955,1871,Settlers (Sold by Sulpicians),456524589,83364442,539889031
304183,1871,Settlers (Sold by Sulpicians),456828772,83060259,539889031
261560,1871,Settlers (Sold by Sulpicians),457090332,82798699,539889031
246419,1871,Settlers (Sold by Sulpicians),457336751,82552280,539889031
187435,1871,Settlers (Sold by Sulpicians),457524186,82364845,539889031
297471,1871,Settlers (Sold by Sulpicians),457821657,82067374,539889031
274367,1871,Settlers (Sold by Sulpicians),458096024,81793007,539889031
187004,1871,Settlers (Sold by Sulpicians),458283028,81606003,539889031
359084,1872,Settlers (Sold by Sulpicians),458642112,81246919,539889031
368623,1872,Settlers (Sold by Sulpicians),459010735,80878296,539889031
201931,1872,Settlers (Sold by Sulpicians),459212666,80676365,539889031
199391,1872,Settlers (Sold by Sulpicians),459412057,80476974,539889031
199817,1872,Settlers (Sold by Sulpicians),459611874,80277157,539889031
252741,1872,Settlers (Sold by Sulpicians),459864615,80024416,539889031
240885,1872,Settlers (Sold by Sulpicians),460105500,79783531,539889031
286681,1872,Settlers (Sold by Sulpicians),460392181,79496850,539889031
117086,1872,Settlers (Sold by Sulpicians),460509267,79379764,539889031
267592,1873,Settlers (Sold by Sulpicians),460776859,79112172,539889031
190189,1873,Settlers (Sold by Sulpicians),460967048,78921983,539889031
165037,1874,Settlers (Sold by Sulpicians),461132085,78756946,539889031
177820,1874,Settlers (Sold by Sulpicians),461309905,78579126,539889031
170390,1874,Settlers (Sold by Sulpicians),461480295,78408736,539889031
178301,1874,Settlers (Sold by Sulpicians),461658596,78230435,539889031
170049,1874,Settlers (Sold by Sulpicians),461828645,78060386,539889031
95886,1874,Settlers (Sold by Sulpicians),461924531,77964500,539889031
348386,1874,Settlers (Sold by Sulpicians),462272917,77616114,539889031
161587,1874,Settlers (Sold by Sulpicians),462434504,77454527,539889031
322592,1874,Settlers (Sold by Sulpicians),462757096,77131935,539889031
276629,1874,Settlers (Sold by Sulpicians),463033725,76855306,539889031
142180,1874,Settlers (Sold by Sulpicians),463175905,76713126,539889031
137553,1874,Settlers (Sold by Sulpicians),463313458,76575573,539889031
65909,1874,Settlers (Sold by Sulpicians),463379367,76509664,539889031
257993,1874,Settlers (Sold by Sulpicians),463637360,76251671,539889031
85730,1874,Settlers (Sold by Sulpicians),463723090,76165941,539889031
216375,1874,Settlers (Sold by Sulpicians),463939465,75949566,539889031
1142,1874,Settlers (Sold by Sulpicians),463940607,75948424,539889031
1138,1874,Settlers (Sold by Sulpicians),463941745,75947286,539889031
1143,1874,Settlers (Sold by Sulpicians),463942888,75946143,539889031
1151,1874,Settlers (Sold by Sulpicians),463944039,75944992,539889031
861,1874,Settlers (Sold by Sulpicians),463944900,75944131,539889031
1147,1874,Settlers (Sold by Sulpicians),463946047,75942984,539889031
895,1874,Settlers (Sold by Sulpicians),463946942,75942089,539889031
162176,1874,Settlers (Sold by Sulpicians),464109118,75779913,539889031
255695,1874,Settlers (Sold by Sulpicians),464364813,75524218,539889031
169618,1875,Settlers (Sold by Sulpicians),464534431,75354600,539889031
162478,1875,Settlers (Sold by Sulpicians),464696909,75192122,539889031
159611,1875,Settlers (Sold by Sulpicians),464856520,75032511,539889031
167696,1875,Settlers (Sold by Sulpicians),465024216,74864815,539889031
177751,1875,Settlers (Sold by Sulpicians),465201967,74687064,539889031
151463,1875,Settlers (Sold by Sulpicians),465353430,74535601,539889031
350162,1875,Settlers (Sold by Sulpicians),465703592,74185439,539889031
334567,1875,Settlers (Sold by Sulpicians),466038159,73850872,539889031
68583,1875,Settlers (Sold by Sulpicians),466106742,73782289,539889031
117218,1875,Settlers (Sold by Sulpicians),466223960,73665071,539889031
39706,1875,Settlers (Sold by Sulpicians),466263666,73625365,539889031
46397,1875,Settlers (Sold by Sulpicians),466310063,73578968,539889031
67966,1875,Settlers (Sold by Sulpicians),466378029,73511002,539889031
141760,1875,Settlers (Sold by Sulpicians),466519789,73369242,539889031
40877,1875,Settlers (Sold by Sulpicians),466560666,73328365,539889031
97017,1875,Settlers (Sold by Sulpicians),466657683,73231348,539889031
86830,1875,Settlers (Sold by Sulpicians),466744513,73144518,539889031
89117,1875,Settlers (Sold by Sulpicians),466833630,73055401,539889031
1156,1875,Settlers (Sold by Sulpicians),466834786,73054245,539889031
1053,1875,Settlers (Sold by Sulpicians),466835839,73053192,539889031
1050,1875,Settlers (Sold by Sulpicians),466836889,73052142,539889031
786,1875,Settlers (Sold by Sulpicians),466837675,73051356,539889031
797,1875,Settlers (Sold by Sulpicians),466838472,73050559,539889031
931,1875,Settlers (Sold by Sulpicians),466839403,73049628,539889031
849,1875,Settlers (Sold by Sulpicians),466840252,73048779,539889031
944,1875,Settlers (Sold by Sulpicians),466841196,73047835,539889031
629,1875,Settlers (Sold by Sulpicians),466841825,73047206,539889031
851,1875,Settlers (Sold by Sulpicians),466842676,73046355,539889031
688,1875,Settlers (Sold by Sulpicians),466843364,73045667,539889031
564,1875,Settlers (Sold by Sulpicians),466843928,73045103,539889031
1173,1875,Settlers (Sold by Sulpicians),466845101,73043930,539889031
1950,1875,Settlers (Sold by Sulpicians),466847051,73041980,539889031
1207,1875,Settlers (Sold by Sulpicians),466848258,73040773,539889031
828,1875,Settlers (Sold by Sulpicians),466849086,73039945,539889031
1393794,1875,Settlers (Sold by Sulpicians),468242880,71646151,539889031
25838,1875,Settlers (Sold by Sulpicians),468268718,71620313,539889031
245150,1875,Settlers (Sold by Sulpicians),468513868,71375163,539889031
263382,1875,Settlers (Sold by Sulpicians),468777250,71111781,539889031
166095,1875,Settlers (Sold by Sulpicians),468943345,70945686,539889031
235421,1875,Settlers (Sold by Sulpicians),469178766,70710265,539889031
590266,1875,Settlers (Sold by Sulpicians),469769032,70119999,539889031
154707,1876,Settlers (Sold by Sulpicians),469923739,69965292,539889031
164093,1876,Settlers (Sold by Sulpicians),470087832,69801199,539889031
163800,1876,Settlers (Sold by Sulpicians),470251632,69637399,539889031
164525,1876,Settlers (Sold by Sulpicians),470416157,69472874,539889031
174431,1876,Settlers (Sold by Sulpicians),470590588,69298443,539889031
175033,1876,Settlers (Sold by Sulpicians),470765621,69123410,539889031
182261,1876,Settlers (Sold by Sulpicians),470947882,68941149,539889031
76877,1876,Settlers (Sold by Sulpicians),471024759,68864272,539889031
172051,1876,Settlers (Sold by Sulpicians),471196810,68692221,539889031
54207,1876,Settlers (Sold by Sulpicians),471251017,68638014,539889031
49150,1876,Settlers (Sold by Sulpicians),471300167,68588864,539889031
159248,1876,Settlers (Sold by Sulpicians),471459415,68429616,539889031
191969,1876,Settlers (Sold by Sulpicians),471651384,68237647,539889031
151305,1876,Settlers (Sold by Sulpicians),471802689,68086342,539889031
151610,1876,Settlers (Sold by Sulpicians),471954299,67934732,539889031
147708,1876,Settlers (Sold by Sulpicians),472102007,67787024,539889031
141221,1876,Settlers (Sold by Sulpicians),472243228,67645803,539889031
45042,1876,Settlers (Sold by Sulpicians),472288270,67600761,539889031
41660,1876,Settlers (Sold by Sulpicians),472329930,67559101,539889031
47515,1876,Settlers (Sold by Sulpicians),472377445,67511586,539889031
237321,1876,Settlers (Sold by Sulpicians),472614766,67274265,539889031
240820,1876,Settlers (Sold by Sulpicians),472855586,67033445,539889031
235571,1876,Settlers (Sold by Sulpicians),473091157,66797874,539889031
235097,1876,Settlers (Sold by Sulpicians),473326254,66562777,539889031
154961,1876,Settlers (Sold by Sulpicians),473481215,66407816,539889031
174139,1876,Settlers (Sold by Sulpicians),473655354,66233677,539889031
301700,1876,Settlers (Sold by Sulpicians),473957054,65931977,539889031
244288,1876,Settlers (Sold by Sulpicians),474201342,65687689,539889031
87316,1876,Settlers (Sold by Sulpicians),474288658,65600373,539889031
72075,1876,Settlers (Sold by Sulpicians),474360733,65528298,539889031
84963,1876,Settlers (Sold by Sulpicians),474445696,65443335,539889031
252601,1876,Settlers (Sold by Sulpicians),474698297,65190734,539889031
157580,1876,Settlers (Sold by Sulpicians),474855877,65033154,539889031
152222,1876,Settlers (Sold by Sulpicians),475008099,64880932,539889031
153649,1876,Settlers (Sold by Sulpicians),475161748,64727283,539889031
245060,1876,Settlers (Sold by Sulpicians),475406808,64482223,539889031
187279,1876,Settlers (Sold by Sulpicians),475594087,64294944,539889031
243135,1876,Settlers (Sold by Sulpicians),475837222,64051809,539889031
1112,1876,Settlers (Sold by Sulpicians),475838334,64050697,539889031
833,1876,Settlers (Sold by Sulpicians),475839167,64049864,539889031
670,1876,Settlers (Sold by Sulpicians),475839837,64049194,539889031
1357,1876,Settlers (Sold by Sulpicians),475841194,64047837,539889031
1193,1876,Settlers (Sold by Sulpicians),475842387,64046644,539889031
1668,1876,Settlers (Sold by Sulpicians),475844055,64044976,539889031
887,1876,Settlers (Sold by Sulpicians),475844942,64044089,539889031
33318,1876,Settlers (Sold by Sulpicians),475878260,64010771,539889031
423406,1876,Settlers (Sold by Sulpicians),476301666,63587365,539889031
467481,1876,Settlers (Sold by Sulpicians),476769147,63119884,539889031
365817,1876,Settlers (Sold by Sulpicians),477134964,62754067,539889031
344301,1876,Settlers (Sold by Sulpicians),477479265,62409766,539889031
304770,1876,Settlers (Sold by Sulpicians),477784035,62104996,539889031
152928,1877,Settlers (Sold by Sulpicians),477936963,61952068,539889031
167546,1877,Settlers (Sold by Sulpicians),478104509,61784522,539889031
190119,1877,Settlers (Sold by Sulpicians),478294628,61594403,539889031
149829,1877,Settlers (Sold by Sulpicians),478444457,61444574,539889031
122378,1877,Settlers (Sold by Sulpicians),478566835,61322196,539889031
134028,1877,Settlers (Sold by Sulpicians),478700863,61188168,539889031
188757,1877,Settlers (Sold by Sulpicians),478889620,60999411,539889031
75388,1877,Settlers (Sold by Sulpicians),478965008,60924023,539889031
74325,1877,Settlers (Sold by Sulpicians),479039333,60849698,539889031
75798,1877,Settlers (Sold by Sulpicians),479115131,60773900,539889031
74773,1877,Settlers (Sold by Sulpicians),479189904,60699127,539889031
151340,1877,Settlers (Sold by Sulpicians),479341244,60547787,539889031
377513,1877,Settlers (Sold by Sulpicians),479718757,60170274,539889031
162859,1878,Settlers (Sold by Sulpicians),479881616,60007415,539889031
233336,1878,Settlers (Sold by Sulpicians),480114952,59774079,539889031
229319,1878,Settlers (Sold by Sulpicians),480344271,59544760,539889031
277945,1878,Settlers (Sold by Sulpicians),480622216,59266815,539889031
288023,1878,Settlers (Sold by Sulpicians),480910239,58978792,539889031
292643,1878,Settlers (Sold by Sulpicians),481202882,58686149,539889031
267939,1878,Settlers (Sold by Sulpicians),481470821,58418210,539889031
214686,1878,Settlers (Sold by Sulpicians),481685507,58203524,539889031
161097,1878,Settlers (Sold by Sulpicians),481846604,58042427,539889031
134530,1878,Settlers (Sold by Sulpicians),481981134,57907897,539889031
154250,1878,Settlers (Sold by Sulpicians),482135384,57753647,539889031
98064,1878,Settlers (Sold by Sulpicians),482233448,57655583,539889031
311162,1878,Settlers (Sold by Sulpicians),482544610,57344421,539889031
507,1878,Settlers (Sold by Sulpicians),482545117,57343914,539889031
876,1878,Settlers (Sold by Sulpicians),482545993,57343038,539889031
1334,1878,Settlers (Sold by Sulpicians),482547327,57341704,539889031
114416,1878,Settlers (Sold by Sulpicians),482661743,57227288,539889031
121702,1878,Settlers (Sold by Sulpicians),482783445,57105586,539889031
229107,1878,Settlers (Sold by Sulpicians),483012552,56876479,539889031
150257,1878,Settlers (Sold by Sulpicians),483162809,56726222,539889031
277562,1878,Settlers (Sold by Sulpicians),483440371,56448660,539889031
149022,1879,Settlers (Sold by Sulpicians),483589393,56299638,539889031
175850,1879,Settlers (Sold by Sulpicians),483765243,56123788,539889031
185746,1879,Settlers (Sold by Sulpicians),483950989,55938042,539889031
85703,1879,Settlers (Sold by Sulpicians),484036692,55852339,539889031
177536,1879,Settlers (Sold by Sulpicians),484214228,55674803,539889031
304233,1879,Settlers (Sold by Sulpicians),484518461,55370570,539889031
1360,1879,Settlers (Sold by Sulpicians),484519821,55369210,539889031
196,1879,Settlers (Sold by Sulpicians),484520017,55369014,539889031
925,1879,Settlers (Sold by Sulpicians),484520942,55368089,539889031
150186,1879,Settlers (Sold by Sulpicians),484671128,55217903,539889031
219943,1879,Settlers (Sold by Sulpicians),484891071,54997960,539889031
47551,1880,Settlers (Sold by Sulpicians),484938622,54950409,539889031
90496,1880,Settlers (Sold by Sulpicians),485029118,54859913,539889031
1188,1880,Settlers (Sold by Sulpicians),485030306,54858725,539889031
800,1880,Settlers (Sold by Sulpicians),485031106,54857925,539889031
783,1880,Settlers (Sold by Sulpicians),485031889,54857142,539889031
2901,1880,Settlers (Sold by Sulpicians),485034790,54854241,539889031
2078,1880,Settlers (Sold by Sulpicians),485036868,54852163,539889031
249,1880,Settlers (Sold by Sulpicians),485037117,54851914,539889031
520283,1880,Settlers (Sold by Sulpicians),485557400,54331631,539889031
130935,1880,Settlers (Sold by Sulpicians),485688335,54200696,539889031
158563,1881,Settlers (Sold by Sulpicians),485846898,54042133,539889031
237834,1881,Settlers (Sold by Sulpicians),486084732,53804299,539889031
85124,1881,Settlers (Sold by Sulpicians),486169856,53719175,539889031
8950,1881,Settlers (Sold by Sulpicians),486178806,53710225,539889031
38343,1881,Settlers (Sold by Sulpicians),486217149,53671882,539889031
576,1881,Settlers (Sold by Sulpicians),486217725,53671306,539889031
10058442,1881,Settlers (Sold by Sulpicians),496276167,43612864,539889031
536219,1881,Settlers (Sold by Sulpicians),496812386,43076645,539889031
246498,1881,Settlers (Sold by Sulpicians),497058884,42830147,539889031
113178,1881,Settlers (Sold by Sulpicians),497172062,42716969,539889031
178451,1881,Settlers (Sold by Sulpicians),497350513,42538518,539889031
249152,1881,Settlers (Sold by Sulpicians),497599665,42289366,539889031
335340,1881,Settlers (Sold by Sulpicians),497935005,41954026,539889031
9892,1882,Settlers (Sold by Sulpicians),497944897,41944134,539889031
1038,1882,Settlers (Sold by Sulpicians),497945935,41943096,539889031
2421,1882,Settlers (Sold by Sulpicians),497948356,41940675,539889031
642,1882,Settlers (Sold by Sulpicians),497948998,41940033,539889031
3135331,1882,Settlers (Sold by Sulpicians),501084329,38804702,539889031
5275479,1882,Settlers (Sold by Sulpicians),506359808,33529223,539889031
192888,1882,Settlers (Sold by Sulpicians),506552696,33336335,539889031
232581,1882,Settlers (Sold by Sulpicians),506785277,33103754,539889031
268117,1882,Settlers (Sold by Sulpicians),507053394,32835637,539889031
236666,1883,Settlers (Sold by Sulpicians),507290060,32598971,539889031
1421,1883,Settlers (Sold by Sulpicians),507291481,32597550,539889031
1340,1883,Settlers (Sold by Sulpicians),507292821,32596210,539889031
588,1883,Settlers (Sold by Sulpicians),507293409,32595622,539889031
3435,1883,Settlers (Sold by Sulpicians),507296844,32592187,539889031
256,1883,Settlers (Sold by Sulpicians),507297100,32591931,539889031
1007,1883,Settlers (Sold by Sulpicians),507298107,32590924,539889031
1169,1883,Settlers (Sold by Sulpicians),507299276,32589755,539889031
667352,1883,Settlers (Sold by Sulpicians),507966628,31922403,539889031
291067,1883,Settlers (Sold by Sulpicians),508257695,31631336,539889031
835,1884,Settlers (Sold by Sulpicians),508258530,31630501,539889031
835,1884,Settlers (Sold by Sulpicians),508259365,31629666,539889031
798,1884,Settlers (Sold by Sulpicians),508260163,31628868,539889031
273109,1884,Settlers (Sold by Sulpicians),508533272,31355759,539889031
3630,1885,Settlers (Sold by Sulpicians),508536902,31352129,539889031
810,1885,Settlers (Sold by Sulpicians),508537712,31351319,539889031
250124,1885,Settlers (Sold by Sulpicians),508787836,31101195,539889031
175779,1885,Settlers (Sold by Sulpicians),508963615,30925416,539889031
209866,1885,Settlers (Sold by Sulpicians),509173481,30715550,539889031
377946,1885,Settlers (Sold by Sulpicians),509551427,30337604,539889031
60355,1887,Settlers (Sold by Sulpicians),509611782,30277249,539889031
1579514,1887,Settlers (Sold by Sulpicians),511191296,28697735,539889031
557593,1887,Settlers (Sold by Sulpicians),511748889,28140142,539889031
206703,1887,Settlers (Sold by Sulpicians),511955592,27933439,539889031
164349,1887,Settlers (Sold by Sulpicians),512119941,27769090,539889031
130347,1887,Settlers (Sold by Sulpicians),512250288,27638743,539889031
541221,1887,Settlers (Sold by Sulpicians),512791509,27097522,539889031
138565,1887,Settlers (Sold by Sulpicians),512930074,26958957,539889031
4149,1887,Settlers (Sold by Sulpicians),512934223,26954808,539889031
1794,1887,Settlers (Sold by Sulpicians),512936017,26953014,539889031
837,1887,Settlers (Sold by Sulpicians),512936854,26952177,539889031
904527,1887,Settlers (Sold by Sulpicians),513841381,26047650,539889031
281764,1887,Settlers (Sold by Sulpicians),514123145,25765886,539889031
235831,1888,Settlers (Sold by Sulpicians),514358976,25530055,539889031
405,1888,Settlers (Sold by Sulpicians),514359381,25529650,539889031
309191,1888,Settlers (Sold by Sulpicians),514668572,25220459,539889031
250254,1888,Settlers (Sold by Sulpicians),514918826,24970205,539889031
224551,1888,Settlers (Sold by Sulpicians),515143377,24745654,539889031
271127,1888,Settlers (Sold by Sulpicians),515414504,24474527,539889031
121180,1889,Settlers (Sold by Sulpicians),515535684,24353347,539889031
152978,1889,Settlers (Sold by Sulpicians),515688662,24200369,539889031
157014,1889,Settlers (Sold by Sulpicians),515845676,24043355,539889031
79507,1890,Settlers (Sold by Sulpicians),515925183,23963848,539889031
589,1890,Settlers (Sold by Sulpicians),515925772,23963259,539889031
777,1890,Settlers (Sold by Sulpicians),515926549,23962482,539889031
893,1890,Settlers (Sold by Sulpicians),515927442,23961589,539889031
567,1890,Settlers (Sold by Sulpicians),515928009,23961022,539889031
1193,1890,Settlers (Sold by Sulpicians),515929202,23959829,539889031
15950,1890,Settlers (Sold by Sulpicians),515945152,23943879,539889031
42122,1890,Settlers (Sold by Sulpicians),515987274,23901757,539889031
269313,1892,Settlers (Sold by Sulpicians),516256587,23632444,539889031
927,1893,Settlers (Sold by Sulpicians),516257514,23631517,539889031
1872,1894,Settlers (Sold by Sulpicians),516259386,23629645,539889031
2383977,1895,Settlers (Sold by Sulpicians),518643363,21245668,539889031
1099494,1895,Settlers (Sold by Sulpicians),519742857,20146174,539889031
191257,1895,Settlers (Sold by Sulpicians),519934114,19954917,539889031
146987,1895,Settlers (Sold by Sulpicians),520081101,19807930,539889031
1958,1896,Settlers (Sold by Sulpicians),520083059,19805972,539889031
170076,1897,Settlers (Sold by Sulpicians),520253135,19635896,539889031
67002,1898,Settlers (Sold by Sulpicians),520320137,19568894,539889031
18949,1900,Settlers (Sold by Sulpicians),520339086,19549945,539889031
518608,1901,Settlers (Sold by Sulpicians),520857694,19031337,539889031
158210,1902,Settlers (Sold by Sulpicians),521015904,18873127,539889031
1072,1902,Settlers (Sold by Sulpicians),521016976,18872055,539889031
2134,1902,Settlers (Sold by Sulpicians),521019110,18869921,539889031
2894,1902,Settlers (Sold by Sulpicians),521022004,18867027,539889031
1099,1902,Settlers (Sold by Sulpicians),521023103,18865928,539889031
1053,1902,Settlers (Sold by Sulpicians),521024156,18864875,539889031
432627,1902,Settlers (Sold by Sulpicians),521456783,18432248,539889031
557005,1902,Settlers (Sold by Sulpicians),522013788,17875243,539889031
164486,1903,Settlers (Sold by Sulpicians),522178274,17710757,539889031
163412,1903,Settlers (Sold by Sulpicians),522341686,17547345,539889031
161264,1903,Settlers (Sold by Sulpicians),522502950,17386081,539889031
105379,1903,Settlers (Sold by Sulpicians),522608329,17280702,539889031
347703,1903,Settlers (Sold by Sulpicians),522956032,16932999,539889031
309424,1903,Settlers (Sold by Sulpicians),523265456,16623575,539889031
1229,1903,Settlers (Sold by Sulpicians),523266685,16622346,539889031
1247,1903,Settlers (Sold by Sulpicians),523267932,16621099,539889031
565263,1903,Settlers (Sold by Sulpicians),523833195,16055836,539889031
1382,1904,Settlers (Sold by Sulpicians),523834577,16054454,539889031
28162,1905,Settlers (Sold by Sulpicians),523862739,16026292,539889031
429963,1905,Settlers (Sold by Sulpicians),524292702,15596329,539889031
240255,1906,Settlers (Sold by Sulpicians),524532957,15356074,539889031
124039,1906,Settlers (Sold by Sulpicians),524656996,15232035,539889031
252642,1906,Settlers (Sold by Sulpicians),524909638,14979393,539889031
185923,1906,Settlers (Sold by Sulpicians),525095561,14793470,539889031
895,1906,Settlers (Sold by Sulpicians),525096456,14792575,539889031
747,1906,Settlers (Sold by Sulpicians),525097203,14791828,539889031
444695,1907,Settlers (Sold by Sulpicians),525541898,14347133,539889031
93171,1907,Settlers (Sold by Sulpicians),525635069,14253962,539889031
159756,1908,Settlers (Sold by Sulpicians),525794825,14094206,539889031
221406,1908,Settlers (Sold by Sulpicians),526016231,13872800,539889031
237473,1908,Settlers (Sold by Sulpicians),526253704,13635327,539889031
242107,1908,Settlers (Sold by Sulpicians),526495811,13393220,539889031
300013,1908,Settlers (Sold by Sulpicians),526795824,13093207,539889031
267021,1908,Settlers (Sold by Sulpicians),527062845,12826186,539889031
311090,1908,Settlers (Sold by Sulpicians),527373935,12515096,539889031
359304,1908,Settlers (Sold by Sulpicians),527733239,12155792,539889031
288692,1908,Settlers (Sold by Sulpicians),528021931,11867100,539889031
150996,1908,Settlers (Sold by Sulpicians),528172927,11716104,539889031
2295,1908,Settlers (Sold by Sulpicians),528175222,11713809,539889031
667,1908,Settlers (Sold by Sulpicians),528175889,11713142,539889031
553,1908,Settlers (Sold by Sulpicians),528176442,11712589,539889031
171524,1909,Settlers (Sold by Sulpicians),528347966,11541065,539889031
143058,1909,Settlers (Sold by Sulpicians),528491024,11398007,539889031
812,1910,Settlers (Sold by Sulpicians),528491836,11397195,539889031
818,1910,Settlers (Sold by Sulpicians),528492654,11396377,539889031
806,1910,Settlers (Sold by Sulpicians),528493460,11395571,539889031
777,1910,Settlers (Sold by Sulpicians),528494237,11394794,539889031
779,1912,Settlers (Sold by Sulpicians),528495016,11394015,539889031
801,1912,Settlers (Sold by Sulpicians),528495817,11393214,539889031
2171,1912,Settlers (Sold by Sulpicians),528497988,11391043,539889031
2170,1912,Settlers (Sold by Sulpicians),528500158,11388873,539889031
1653,1912,Settlers (Sold by Sulpicians),528501811,11387220,539889031
1812,1912,Settlers (Sold by Sulpicians),528503623,11385408,539889031
1935,1912,Settlers (Sold by Sulpicians),528505558,11383473,539889031
1926,1912,Settlers (Sold by Sulpicians),528507484,11381547,539889031
1990,1912,Settlers (Sold by Sulpicians),528509474,11379557,539889031
2020,1912,Settlers (Sold by Sulpicians),528511494,11377537,539889031
1330,1912,Settlers (Sold by Sulpicians),528512824,11376207,539889031
2729,1912,Settlers (Sold by Sulpicians),528515553,11373478,539889031
2094,1912,Settlers (Sold by Sulpicians),528517647,11371384,539889031
1183,1913,Settlers (Sold by Sulpicians),528518830,11370201,539889031
936,1913,Settlers (Sold by Sulpicians),528519766,11369265,539889031
571,1913,Settlers (Sold by Sulpicians),528520337,11368694,539889031
798,1913,Settlers (Sold by Sulpicians),528521135,11367896,539889031
791,1913,Settlers (Sold by Sulpicians),528521926,11367105,539889031
838,1913,Settlers (Sold by Sulpicians),528522764,11366267,539889031
586,1913,Settlers (Sold by Sulpicians),528523350,11365681,539889031
1920,1913,Settlers (Sold by Sulpicians),528525270,11363761,539889031
1874,1913,Settlers (Sold by Sulpicians),528527144,11361887,539889031
952,1913,Settlers (Sold by Sulpicians),528528096,11360935,539889031
409533,1916,Settlers (Sold by Sulpicians),528937629,10951402,539889031
167409,1916,Settlers (Sold by Sulpicians),529105038,10783993,539889031
174469,1916,Settlers (Sold by Sulpicians),529279507,10609524,539889031
307885,1916,Settlers (Sold by Sulpicians),529587392,10301639,539889031
148204,1916,Settlers (Sold by Sulpicians),529735596,10153435,539889031
264234,1916,Settlers (Sold by Sulpicians),529999830,9889201,539889031
232199,1916,Settlers (Sold by Sulpicians),530232029,9657002,539889031
142067,1916,Settlers (Sold by Sulpicians),530374096,9514935,539889031
262069,1916,Settlers (Sold by Sulpicians),530636165,9252866,539889031
243037,1916,Settlers (Sold by Sulpicians),530879202,9009829,539889031
236688,1916,Settlers (Sold by Sulpicians),531115890,8773141,539889031
145838,1916,Settlers (Sold by Sulpicians),531261728,8627303,539889031
149949,1916,Settlers (Sold by Sulpicians),531411677,8477354,539889031
148532,1916,Settlers (Sold by Sulpicians),531560209,8328822,539889031
157867,1916,Settlers (Sold by Sulpicians),531718076,8170955,539889031
190217,1916,Settlers (Sold by Sulpicians),531908293,7980738,539889031
214406,1918,Settlers (Sold by Sulpicians),532122699,7766332,539889031
263347,1918,Settlers (Sold by Sulpicians),532386046,7502985,539889031
234985,1918,Settlers (Sold by Sulpicians),532621031,7268000,539889031
1327,1918,Settlers (Sold by Sulpicians),532622358,7266673,539889031
835,1918,Settlers (Sold by Sulpicians),532623193,7265838,539889031
754,1918,Settlers (Sold by Sulpicians),532623947,7265084,539889031
208456,1920,Settlers (Sold by Sulpicians),532832403,7056628,539889031
129976,1920,Settlers (Sold by Sulpicians),532962379,6926652,539889031
140433,1920,Settlers (Sold by Sulpicians),533102812,6786219,539889031
641952,1921,Settlers (Sold by Sulpicians),533744764,6144267,539889031
157014,1921,Settlers (Sold by Sulpicians),533901778,5987253,539889031
312200,1922,Settlers (Sold by Sulpicians),534213978,5675053,539889031
172653,1922,Settlers (Sold by Sulpicians),534386631,5502400,539889031
498218,1922,Settlers (Sold by Sulpicians),534884849,5004182,539889031
319445,1922,Settlers (Sold by Sulpicians),535204294,4684737,539889031
138647,1925,Settlers (Sold by Sulpicians),535342941,4546090,539889031
159989,1925,Settlers (Sold by Sulpicians),535502930,4386101,539889031
105577,1925,Settlers (Sold by Sulpicians),535608507,4280524,539889031
749,1925,Settlers (Sold by Sulpicians),535609256,4279775,539889031
2363,1925,Settlers (Sold by Sulpicians),535611619,4277412,539889031
1060,1925,Settlers (Sold by Sulpicians),535612679,4276352,539889031
622,1930,Settlers (Sold by Sulpicians),535613301,4275730,539889031
2181,1932,Settlers (Sold by Sulpicians),535615482,4273549,539889031
797,1932,Settlers (Sold by Sulpicians),535616279,4272752,539889031
906,1932,Settlers (Sold by Sulpicians),535617185,4271846,539889031
1174,1932,Settlers (Sold by Sulpicians),535618359,4270672,539889031
560575,1933,Settlers (Sold by Sulpicians),536178934,3710097,539889031
1039,1933,Settlers (Sold by Sulpicians),536179973,3709058,539889031
193577,1936,Settlers (Sold by Sulpicians),536373550,3515481,539889031
144392,1936,Settlers (Sold by Sulpicians),536517942,3371089,539889031
184882,1936,Settlers (Sold by Sulpicians),536702824,3186207,539889031
169629,1936,Settlers (Sold by Sulpicians),536872453,3016578,539889031
723279,1936,Settlers (Sold by Sulpicians),537595732,2293299,539889031
261101,1936,Settlers (Sold by Sulpicians),537856833,2032198,539889031
231447,1936,Settlers (Sold by Sulpicians),538088280,1800751,539889031
370855,1936,Settlers (Sold by Sulpicians),538459135,1429896,539889031
357798,1936,Settlers (Sold by Sulpicians),538816933,1072098,539889031
298714,1936,Settlers (Sold by Sulpicians),539115647,773384,539889031
459395,1936,Settlers (Sold by Sulpicians),539575042,313989,539889031
372,1939,Settlers (Sold by Sulpicians),539575414,313617,539889031
842,1939,Settlers (Sold by Sulpicians),539576256,312775,539889031
310803,1945,Settlers (Sold by Sulpicians),539887059,1972,539889031
532,1945,Settlers (Sold by Sulpicians),539887591,1440,539889031
1440,1960,Settlers (Sold by Sulpicians),539889031,0,539889031
3619,1925,Kanehsata'kerón (Kanehsatake),539885412,3619,539889031
2225771,1945,Kanehsata'kerón (Kanehsatake),537659641,2229390,539889031
6276472,1945,Kanehsata'kerón (Kanehsatake),531383169,8505862,539889031
5342,1958,Kanehsata'kerón (Kanehsatake),531377827,8511204,539889031
50060,1961,Kanehsata'kerón (Kanehsatake),531327768,8561263,539889031
80128,1966,Kanehsata'kerón (Kanehsatake),531247640,8641391,539889031
12302,1972,Kanehsata'kerón (Kanehsatake),531235337,8653694,539889031
1052,1974,Kanehsata'kerón (Kanehsatake),531234285,8654746,539889031
16228,1985,Kanehsata'kerón (Kanehsatake),531218057,8670974,539889031
26993,1986,Kanehsata'kerón (Kanehsatake),531191065,8697966,539889031
431800,1990,Kanehsata'kerón (Kanehsatake),530759265,9129766,539889031
277169,1992,Kanehsata'kerón (Kanehsatake),530482096,9406935,539889031
1506361,1993,Kanehsata'kerón (Kanehsatake),528975735,10913296,539889031
103883,1994,Kanehsata'kerón (Kanehsatake),528871852,11017179,539889031
122579,1995,Kanehsata'kerón (Kanehsatake),528749273,11139758,539889031
384101,1996,Kanehsata'kerón (Kanehsatake),528365172,11523859,539889031
11285,1997,Kanehsata'kerón (Kanehsatake),528353887,11535144,539889031
344916,2007,Kanehsata'kerón (Kanehsatake),528008971,11880060,539889031