size,year,buyer,totalS,totalK,total,index
334015,1780,Settlers (Sold by Sulpicians),334015,551435077,551769092,1
387380,1780,Settlers (Sold by Sulpicians),721395,551047697,551769092,2
296840,1780,Settlers (Sold by Sulpicians),1018235,550750857,551769092,3
373018,1780,Settlers (Sold by Sulpicians),1391253,550377839,551769092,4
342323,1780,Settlers (Sold by Sulpicians),1733576,550035516,551769092,5
360645,1780,Settlers (Sold by Sulpicians),2094221,549674871,551769092,6
332265,1780,Settlers (Sold by Sulpicians),2426486,549342606,551769092,7
391716,1780,Settlers (Sold by Sulpicians),2818202,548950890,551769092,8
343185,1780,Settlers (Sold by Sulpicians),3161387,548607705,551769092,9
284588,1780,Settlers (Sold by Sulpicians),3445975,548323117,551769092,10
298246,1780,Settlers (Sold by Sulpicians),3744221,548024871,551769092,11
293157,1780,Settlers (Sold by Sulpicians),4037378,547731714,551769092,12
238219,1780,Settlers (Sold by Sulpicians),4275597,547493495,551769092,13
227166,1780,Settlers (Sold by Sulpicians),4502763,547266329,551769092,14
325336,1780,Settlers (Sold by Sulpicians),4828099,546940993,551769092,15
290524,1780,Settlers (Sold by Sulpicians),5118623,546650469,551769092,16
272911,1780,Settlers (Sold by Sulpicians),5391534,546377558,551769092,17
336643,1780,Settlers (Sold by Sulpicians),5728177,546040915,551769092,18
265087,1780,Settlers (Sold by Sulpicians),5993264,545775828,551769092,19
245227,1780,Settlers (Sold by Sulpicians),6238491,545530601,551769092,20
281027,1780,Settlers (Sold by Sulpicians),6519518,545249574,551769092,21
291989,1780,Settlers (Sold by Sulpicians),6811507,544957585,551769092,22
286449,1780,Settlers (Sold by Sulpicians),7097956,544671136,551769092,23
347956,1780,Settlers (Sold by Sulpicians),7445912,544323180,551769092,24
283281,1780,Settlers (Sold by Sulpicians),7729193,544039899,551769092,25
311665,1780,Settlers (Sold by Sulpicians),8040858,543728234,551769092,26
309151,1780,Settlers (Sold by Sulpicians),8350009,543419083,551769092,27
302955,1780,Settlers (Sold by Sulpicians),8652964,543116128,551769092,28
251693,1780,Settlers (Sold by Sulpicians),8904657,542864435,551769092,29
312792,1780,Settlers (Sold by Sulpicians),9217449,542551643,551769092,30
773265,1780,Settlers (Sold by Sulpicians),9990714,541778378,551769092,31
687493,1780,Settlers (Sold by Sulpicians),10678207,541090885,551769092,32
304113,1780,Settlers (Sold by Sulpicians),10982320,540786772,551769092,33
168490,1780,Settlers (Sold by Sulpicians),11150810,540618282,551769092,34
345174,1780,Settlers (Sold by Sulpicians),11495984,540273108,551769092,35
258433,1780,Settlers (Sold by Sulpicians),11754417,540014675,551769092,36
191426,1780,Settlers (Sold by Sulpicians),11945843,539823249,551769092,37
163112,1780,Settlers (Sold by Sulpicians),12108955,539660137,551769092,38
160089,1780,Settlers (Sold by Sulpicians),12269044,539500048,551769092,39
180025,1780,Settlers (Sold by Sulpicians),12449069,539320023,551769092,40
176527,1780,Settlers (Sold by Sulpicians),12625596,539143496,551769092,41
326698,1780,Settlers (Sold by Sulpicians),12952294,538816798,551769092,42
284703,1780,Settlers (Sold by Sulpicians),13236997,538532095,551769092,43
317349,1780,Settlers (Sold by Sulpicians),13554346,538214746,551769092,44
298033,1780,Settlers (Sold by Sulpicians),13852379,537916713,551769092,45
319888,1780,Settlers (Sold by Sulpicians),14172267,537596825,551769092,46
461407,1780,Settlers (Sold by Sulpicians),14633674,537135418,551769092,47
370664,1780,Settlers (Sold by Sulpicians),15004338,536764754,551769092,48
434135,1780,Settlers (Sold by Sulpicians),15438473,536330619,551769092,49
306046,1780,Settlers (Sold by Sulpicians),15744519,536024573,551769092,50
328232,1780,Settlers (Sold by Sulpicians),16072751,535696341,551769092,51
325371,1780,Settlers (Sold by Sulpicians),16398122,535370970,551769092,52
162256,1780,Settlers (Sold by Sulpicians),16560378,535208714,551769092,53
264608,1780,Settlers (Sold by Sulpicians),16824986,534944106,551769092,54
360901,1780,Settlers (Sold by Sulpicians),17185887,534583205,551769092,55
379335,1780,Settlers (Sold by Sulpicians),17565222,534203870,551769092,56
376358,1780,Settlers (Sold by Sulpicians),17941580,533827512,551769092,57
331693,1780,Settlers (Sold by Sulpicians),18273273,533495819,551769092,58
322780,1780,Settlers (Sold by Sulpicians),18596053,533173039,551769092,59
528159,1780,Settlers (Sold by Sulpicians),19124212,532644880,551769092,60
310606,1780,Settlers (Sold by Sulpicians),19434818,532334274,551769092,61
307996,1780,Settlers (Sold by Sulpicians),19742814,532026278,551769092,62
274713,1780,Settlers (Sold by Sulpicians),20017527,531751565,551769092,63
358431,1780,Settlers (Sold by Sulpicians),20375958,531393134,551769092,64
327813,1780,Settlers (Sold by Sulpicians),20703771,531065321,551769092,65
290365,1780,Settlers (Sold by Sulpicians),20994136,530774956,551769092,66
405380,1781,Settlers (Sold by Sulpicians),21399516,530369576,551769092,67
377760,1781,Settlers (Sold by Sulpicians),21777276,529991816,551769092,68
385480,1781,Settlers (Sold by Sulpicians),22162756,529606336,551769092,69
403042,1781,Settlers (Sold by Sulpicians),22565798,529203294,551769092,70
429944,1781,Settlers (Sold by Sulpicians),22995742,528773350,551769092,71
371390,1781,Settlers (Sold by Sulpicians),23367132,528401960,551769092,72
385255,1781,Settlers (Sold by Sulpicians),23752387,528016705,551769092,73
319384,1781,Settlers (Sold by Sulpicians),24071771,527697321,551769092,74
386573,1781,Settlers (Sold by Sulpicians),24458344,527310748,551769092,75
281449,1781,Settlers (Sold by Sulpicians),24739793,527029299,551769092,76
281102,1781,Settlers (Sold by Sulpicians),25020895,526748197,551769092,77
304403,1781,Settlers (Sold by Sulpicians),25325298,526443794,551769092,78
314777,1781,Settlers (Sold by Sulpicians),25640075,526129017,551769092,79
296883,1781,Settlers (Sold by Sulpicians),25936958,525832134,551769092,80
290459,1781,Settlers (Sold by Sulpicians),26227417,525541675,551769092,81
318601,1781,Settlers (Sold by Sulpicians),26546018,525223074,551769092,82
274439,1781,Settlers (Sold by Sulpicians),26820457,524948635,551769092,83
266614,1781,Settlers (Sold by Sulpicians),27087071,524682021,551769092,84
346146,1781,Settlers (Sold by Sulpicians),27433217,524335875,551769092,85
303532,1781,Settlers (Sold by Sulpicians),27736749,524032343,551769092,86
336423,1781,Settlers (Sold by Sulpicians),28073172,523695920,551769092,87
292485,1781,Settlers (Sold by Sulpicians),28365657,523403435,551769092,88
297143,1781,Settlers (Sold by Sulpicians),28662800,523106292,551769092,89
318370,1781,Settlers (Sold by Sulpicians),28981170,522787922,551769092,90
304882,1781,Settlers (Sold by Sulpicians),29286052,522483040,551769092,91
320754,1781,Settlers (Sold by Sulpicians),29606806,522162286,551769092,92
298675,1781,Settlers (Sold by Sulpicians),29905481,521863611,551769092,93
410866,1781,Settlers (Sold by Sulpicians),30316347,521452745,551769092,94
304385,1781,Settlers (Sold by Sulpicians),30620732,521148360,551769092,95
324996,1781,Settlers (Sold by Sulpicians),30945728,520823364,551769092,96
307166,1781,Settlers (Sold by Sulpicians),31252894,520516198,551769092,97
318227,1781,Settlers (Sold by Sulpicians),31571121,520197971,551769092,98
309242,1781,Settlers (Sold by Sulpicians),31880363,519888729,551769092,99
306107,1781,Settlers (Sold by Sulpicians),32186470,519582622,551769092,100
313808,1781,Settlers (Sold by Sulpicians),32500278,519268814,551769092,101
304329,1781,Settlers (Sold by Sulpicians),32804607,518964485,551769092,102
378534,1781,Settlers (Sold by Sulpicians),33183141,518585951,551769092,103
342852,1781,Settlers (Sold by Sulpicians),33525993,518243099,551769092,104
306187,1781,Settlers (Sold by Sulpicians),33832180,517936912,551769092,105
378057,1781,Settlers (Sold by Sulpicians),34210237,517558855,551769092,106
363213,1781,Settlers (Sold by Sulpicians),34573450,517195642,551769092,107
272269,1781,Settlers (Sold by Sulpicians),34845719,516923373,551769092,108
531712,1781,Settlers (Sold by Sulpicians),35377431,516391661,551769092,109
307194,1781,Settlers (Sold by Sulpicians),35684625,516084467,551769092,110
176977,1781,Settlers (Sold by Sulpicians),35861602,515907490,551769092,111
365667,1781,Settlers (Sold by Sulpicians),36227269,515541823,551769092,112
878669,1781,Settlers (Sold by Sulpicians),37105938,514663154,551769092,113
214182,1781,Settlers (Sold by Sulpicians),37320120,514448972,551769092,114
423981,1781,Settlers (Sold by Sulpicians),37744101,514024991,551769092,115
409023,1781,Settlers (Sold by Sulpicians),38153124,513615968,551769092,116
409449,1782,Settlers (Sold by Sulpicians),38562573,513206519,551769092,117
228804,1782,Settlers (Sold by Sulpicians),38791377,512977715,551769092,118
267902,1782,Settlers (Sold by Sulpicians),39059279,512709813,551769092,119
219777,1782,Settlers (Sold by Sulpicians),39279056,512490036,551769092,120
410555,1782,Settlers (Sold by Sulpicians),39689611,512079481,551769092,121
343630,1782,Settlers (Sold by Sulpicians),40033241,511735851,551769092,122
388446,1782,Settlers (Sold by Sulpicians),40421687,511347405,551769092,123
365121,1782,Settlers (Sold by Sulpicians),40786808,510982284,551769092,124
320315,1782,Settlers (Sold by Sulpicians),41107123,510661969,551769092,125
304870,1782,Settlers (Sold by Sulpicians),41411993,510357099,551769092,126
300499,1782,Settlers (Sold by Sulpicians),41712492,510056600,551769092,127
292733,1782,Settlers (Sold by Sulpicians),42005225,509763867,551769092,128
300416,1782,Settlers (Sold by Sulpicians),42305641,509463451,551769092,129
232224,1782,Settlers (Sold by Sulpicians),42537865,509231227,551769092,130
375375,1782,Settlers (Sold by Sulpicians),42913240,508855852,551769092,131
314142,1782,Settlers (Sold by Sulpicians),43227382,508541710,551769092,132
320424,1782,Settlers (Sold by Sulpicians),43547806,508221286,551769092,133
313599,1782,Settlers (Sold by Sulpicians),43861405,507907687,551769092,134
217480,1782,Settlers (Sold by Sulpicians),44078885,507690207,551769092,135
291220,1782,Settlers (Sold by Sulpicians),44370105,507398987,551769092,136
361136,1782,Settlers (Sold by Sulpicians),44731241,507037851,551769092,137
414459,1783,Settlers (Sold by Sulpicians),45145700,506623392,551769092,138
421829,1783,Settlers (Sold by Sulpicians),45567529,506201563,551769092,139
444727,1783,Settlers (Sold by Sulpicians),46012256,505756836,551769092,140
382474,1783,Settlers (Sold by Sulpicians),46394730,505374362,551769092,141
400855,1783,Settlers (Sold by Sulpicians),46795585,504973507,551769092,142
371054,1783,Settlers (Sold by Sulpicians),47166639,504602453,551769092,143
370547,1783,Settlers (Sold by Sulpicians),47537186,504231906,551769092,144
500207,1783,Settlers (Sold by Sulpicians),48037393,503731699,551769092,145
387431,1783,Settlers (Sold by Sulpicians),48424824,503344268,551769092,146
405089,1783,Settlers (Sold by Sulpicians),48829913,502939179,551769092,147
297263,1783,Settlers (Sold by Sulpicians),49127176,502641916,551769092,148
312409,1783,Settlers (Sold by Sulpicians),49439585,502329507,551769092,149
293167,1783,Settlers (Sold by Sulpicians),49732752,502036340,551769092,150
325693,1783,Settlers (Sold by Sulpicians),50058445,501710647,551769092,151
255110,1783,Settlers (Sold by Sulpicians),50313555,501455537,551769092,152
273940,1783,Settlers (Sold by Sulpicians),50587495,501181597,551769092,153
308729,1783,Settlers (Sold by Sulpicians),50896224,500872868,551769092,154
346214,1783,Settlers (Sold by Sulpicians),51242438,500526654,551769092,155
411222,1783,Settlers (Sold by Sulpicians),51653660,500115432,551769092,156
277456,1783,Settlers (Sold by Sulpicians),51931116,499837976,551769092,157
287041,1783,Settlers (Sold by Sulpicians),52218157,499550935,551769092,158
338179,1783,Settlers (Sold by Sulpicians),52556336,499212756,551769092,159
242982,1783,Settlers (Sold by Sulpicians),52799318,498969774,551769092,160
331902,1783,Settlers (Sold by Sulpicians),53131220,498637872,551769092,161
332096,1783,Settlers (Sold by Sulpicians),53463316,498305776,551769092,162
334510,1783,Settlers (Sold by Sulpicians),53797826,497971266,551769092,163
419270,1783,Settlers (Sold by Sulpicians),54217096,497551996,551769092,164
332992,1783,Settlers (Sold by Sulpicians),54550088,497219004,551769092,165
329530,1783,Settlers (Sold by Sulpicians),54879618,496889474,551769092,166
358932,1783,Settlers (Sold by Sulpicians),55238550,496530542,551769092,167
333494,1783,Settlers (Sold by Sulpicians),55572044,496197048,551769092,168
291771,1783,Settlers (Sold by Sulpicians),55863815,495905277,551769092,169
375502,1783,Settlers (Sold by Sulpicians),56239317,495529775,551769092,170
367351,1783,Settlers (Sold by Sulpicians),56606668,495162424,551769092,171
378628,1783,Settlers (Sold by Sulpicians),56985296,494783796,551769092,172
517137,1783,Settlers (Sold by Sulpicians),57502433,494266659,551769092,173
370047,1783,Settlers (Sold by Sulpicians),57872480,493896612,551769092,174
418833,1783,Settlers (Sold by Sulpicians),58291313,493477779,551769092,175
328531,1783,Settlers (Sold by Sulpicians),58619844,493149248,551769092,176
271974,1783,Settlers (Sold by Sulpicians),58891818,492877274,551769092,177
307707,1783,Settlers (Sold by Sulpicians),59199525,492569567,551769092,178
274132,1783,Settlers (Sold by Sulpicians),59473657,492295435,551769092,179
268418,1783,Settlers (Sold by Sulpicians),59742075,492027017,551769092,180
286636,1783,Settlers (Sold by Sulpicians),60028711,491740381,551769092,181
337164,1783,Settlers (Sold by Sulpicians),60365875,491403217,551769092,182
565982,1783,Settlers (Sold by Sulpicians),60931857,490837235,551769092,183
380041,1783,Settlers (Sold by Sulpicians),61311898,490457194,551769092,184
335735,1783,Settlers (Sold by Sulpicians),61647633,490121459,551769092,185
346984,1783,Settlers (Sold by Sulpicians),61994617,489774475,551769092,186
419242,1783,Settlers (Sold by Sulpicians),62413859,489355233,551769092,187
354797,1784,Settlers (Sold by Sulpicians),62768656,489000436,551769092,188
311475,1784,Settlers (Sold by Sulpicians),63080131,488688961,551769092,189
303896,1784,Settlers (Sold by Sulpicians),63384027,488385065,551769092,190
465874,1784,Settlers (Sold by Sulpicians),63849901,487919191,551769092,191
350171,1784,Settlers (Sold by Sulpicians),64200072,487569020,551769092,192
365180,1784,Settlers (Sold by Sulpicians),64565252,487203840,551769092,193
396334,1786,Settlers (Sold by Sulpicians),64961586,486807506,551769092,194
299676,1786,Settlers (Sold by Sulpicians),65261262,486507830,551769092,195
320730,1786,Settlers (Sold by Sulpicians),65581992,486187100,551769092,196
265578,1786,Settlers (Sold by Sulpicians),65847570,485921522,551769092,197
286746,1786,Settlers (Sold by Sulpicians),66134316,485634776,551769092,198
320760,1786,Settlers (Sold by Sulpicians),66455076,485314016,551769092,199
379472,1786,Settlers (Sold by Sulpicians),66834548,484934544,551769092,200
347391,1786,Settlers (Sold by Sulpicians),67181939,484587153,551769092,201
354509,1786,Settlers (Sold by Sulpicians),67536448,484232644,551769092,202
754845,1786,Settlers (Sold by Sulpicians),68291293,483477799,551769092,203
402514,1786,Settlers (Sold by Sulpicians),68693807,483075285,551769092,204
373290,1787,Settlers (Sold by Sulpicians),69067097,482701995,551769092,205
344245,1787,Settlers (Sold by Sulpicians),69411342,482357750,551769092,206
356067,1787,Settlers (Sold by Sulpicians),69767409,482001683,551769092,207
353262,1787,Settlers (Sold by Sulpicians),70120671,481648421,551769092,208
261455,1787,Settlers (Sold by Sulpicians),70382126,481386966,551769092,209
334602,1787,Settlers (Sold by Sulpicians),70716728,481052364,551769092,210
576431,1787,Settlers (Sold by Sulpicians),71293159,480475933,551769092,211
363883,1787,Settlers (Sold by Sulpicians),71657042,480112050,551769092,212
443883,1787,Settlers (Sold by Sulpicians),72100925,479668167,551769092,213
415705,1787,Settlers (Sold by Sulpicians),72516630,479252462,551769092,214
392379,1787,Settlers (Sold by Sulpicians),72909009,478860083,551769092,215
348669,1787,Settlers (Sold by Sulpicians),73257678,478511414,551769092,216
332078,1788,Settlers (Sold by Sulpicians),73589756,478179336,551769092,217
413801,1788,Settlers (Sold by Sulpicians),74003557,477765535,551769092,218
291082,1788,Settlers (Sold by Sulpicians),74294639,477474453,551769092,219
276657,1788,Settlers (Sold by Sulpicians),74571296,477197796,551769092,220
356073,1788,Settlers (Sold by Sulpicians),74927369,476841723,551769092,221
332033,1788,Settlers (Sold by Sulpicians),75259402,476509690,551769092,222
424286,1788,Settlers (Sold by Sulpicians),75683688,476085404,551769092,223
340849,1788,Settlers (Sold by Sulpicians),76024537,475744555,551769092,224
480046,1788,Settlers (Sold by Sulpicians),76504583,475264509,551769092,225
447736,1788,Settlers (Sold by Sulpicians),76952319,474816773,551769092,226
414613,1788,Settlers (Sold by Sulpicians),77366932,474402160,551769092,227
357378,1789,Settlers (Sold by Sulpicians),77724310,474044782,551769092,228
165834,1789,Settlers (Sold by Sulpicians),77890144,473878948,551769092,229
312805,1789,Settlers (Sold by Sulpicians),78202949,473566143,551769092,230
306348,1789,Settlers (Sold by Sulpicians),78509297,473259795,551769092,231
325051,1789,Settlers (Sold by Sulpicians),78834348,472934744,551769092,232
280234,1789,Settlers (Sold by Sulpicians),79114582,472654510,551769092,233
330834,1789,Settlers (Sold by Sulpicians),79445416,472323676,551769092,234
297917,1789,Settlers (Sold by Sulpicians),79743333,472025759,551769092,235
360163,1789,Settlers (Sold by Sulpicians),80103496,471665596,551769092,236
626512,1789,Settlers (Sold by Sulpicians),80730008,471039084,551769092,237
343623,1789,Settlers (Sold by Sulpicians),81073631,470695461,551769092,238
304119,1789,Settlers (Sold by Sulpicians),81377750,470391342,551769092,239
201164,1789,Settlers (Sold by Sulpicians),81578914,470190178,551769092,240
359394,1789,Settlers (Sold by Sulpicians),81938308,469830784,551769092,241
344145,1789,Settlers (Sold by Sulpicians),82282453,469486639,551769092,242
251513,1789,Settlers (Sold by Sulpicians),82533966,469235126,551769092,243
399284,1789,Settlers (Sold by Sulpicians),82933250,468835842,551769092,244
380493,1789,Settlers (Sold by Sulpicians),83313743,468455349,551769092,245
339098,1789,Settlers (Sold by Sulpicians),83652841,468116251,551769092,246
327899,1789,Settlers (Sold by Sulpicians),83980740,467788352,551769092,247
325294,1789,Settlers (Sold by Sulpicians),84306034,467463058,551769092,248
448989,1789,Settlers (Sold by Sulpicians),84755023,467014069,551769092,249
374071,1789,Settlers (Sold by Sulpicians),85129094,466639998,551769092,250
344544,1789,Settlers (Sold by Sulpicians),85473638,466295454,551769092,251
360976,1789,Settlers (Sold by Sulpicians),85834614,465934478,551769092,252
265101,1789,Settlers (Sold by Sulpicians),86099715,465669377,551769092,253
315075,1790,Settlers (Sold by Sulpicians),86414790,465354302,551769092,254
259546,1790,Settlers (Sold by Sulpicians),86674336,465094756,551769092,255
300422,1790,Settlers (Sold by Sulpicians),86974758,464794334,551769092,256
283080,1790,Settlers (Sold by Sulpicians),87257838,464511254,551769092,257
281495,1790,Settlers (Sold by Sulpicians),87539333,464229759,551769092,258
316852,1790,Settlers (Sold by Sulpicians),87856185,463912907,551769092,259
278995,1790,Settlers (Sold by Sulpicians),88135180,463633912,551769092,260
295964,1790,Settlers (Sold by Sulpicians),88431144,463337948,551769092,261
311921,1790,Settlers (Sold by Sulpicians),88743065,463026027,551769092,262
317244,1790,Settlers (Sold by Sulpicians),89060309,462708783,551769092,263
325056,1790,Settlers (Sold by Sulpicians),89385365,462383727,551769092,264
355420,1791,Settlers (Sold by Sulpicians),89740785,462028307,551769092,265
204967,1791,Settlers (Sold by Sulpicians),89945752,461823340,551769092,266
317835,1791,Settlers (Sold by Sulpicians),90263587,461505505,551769092,267
303195,1791,Settlers (Sold by Sulpicians),90566782,461202310,551769092,268
354576,1791,Settlers (Sold by Sulpicians),90921358,460847734,551769092,269
308792,1791,Settlers (Sold by Sulpicians),91230150,460538942,551769092,270
309479,1791,Settlers (Sold by Sulpicians),91539629,460229463,551769092,271
310775,1791,Settlers (Sold by Sulpicians),91850404,459918688,551769092,272
272881,1791,Settlers (Sold by Sulpicians),92123285,459645807,551769092,273
304359,1791,Settlers (Sold by Sulpicians),92427644,459341448,551769092,274
318672,1791,Settlers (Sold by Sulpicians),92746316,459022776,551769092,275
134231,1791,Settlers (Sold by Sulpicians),92880547,458888545,551769092,276
847055,1791,Settlers (Sold by Sulpicians),93727602,458041490,551769092,277
328084,1791,Settlers (Sold by Sulpicians),94055686,457713406,551769092,278
347249,1791,Settlers (Sold by Sulpicians),94402935,457366157,551769092,279
327015,1791,Settlers (Sold by Sulpicians),94729950,457039142,551769092,280
324716,1791,Settlers (Sold by Sulpicians),95054666,456714426,551769092,281
312840,1791,Settlers (Sold by Sulpicians),95367506,456401586,551769092,282
313232,1792,Settlers (Sold by Sulpicians),95680738,456088354,551769092,283
324775,1792,Settlers (Sold by Sulpicians),96005513,455763579,551769092,284
308118,1792,Settlers (Sold by Sulpicians),96313631,455455461,551769092,285
351387,1792,Settlers (Sold by Sulpicians),96665018,455104074,551769092,286
272998,1792,Settlers (Sold by Sulpicians),96938016,454831076,551769092,287
326800,1792,Settlers (Sold by Sulpicians),97264816,454504276,551769092,288
292100,1792,Settlers (Sold by Sulpicians),97556916,454212176,551769092,289
313980,1792,Settlers (Sold by Sulpicians),97870896,453898196,551769092,290
285314,1792,Settlers (Sold by Sulpicians),98156210,453612882,551769092,291
337073,1792,Settlers (Sold by Sulpicians),98493283,453275809,551769092,292
444900,1792,Settlers (Sold by Sulpicians),98938183,452830909,551769092,293
375133,1792,Settlers (Sold by Sulpicians),99313316,452455776,551769092,294
203512,1793,Settlers (Sold by Sulpicians),99516828,452252264,551769092,295
284791,1793,Settlers (Sold by Sulpicians),99801619,451967473,551769092,296
300006,1793,Settlers (Sold by Sulpicians),100101625,451667467,551769092,297
317170,1793,Settlers (Sold by Sulpicians),100418795,451350297,551769092,298
270616,1793,Settlers (Sold by Sulpicians),100689411,451079681,551769092,299
330884,1793,Settlers (Sold by Sulpicians),101020295,450748797,551769092,300
296993,1793,Settlers (Sold by Sulpicians),101317288,450451804,551769092,301
327531,1793,Settlers (Sold by Sulpicians),101644819,450124273,551769092,302
312460,1793,Settlers (Sold by Sulpicians),101957279,449811813,551769092,303
350260,1793,Settlers (Sold by Sulpicians),102307539,449461553,551769092,304
313300,1793,Settlers (Sold by Sulpicians),102620839,449148253,551769092,305
299461,1793,Settlers (Sold by Sulpicians),102920300,448848792,551769092,306
317632,1793,Settlers (Sold by Sulpicians),103237932,448531160,551769092,307
333918,1793,Settlers (Sold by Sulpicians),103571850,448197242,551769092,308
314919,1793,Settlers (Sold by Sulpicians),103886769,447882323,551769092,309
300268,1793,Settlers (Sold by Sulpicians),104187037,447582055,551769092,310
310122,1793,Settlers (Sold by Sulpicians),104497159,447271933,551769092,311
377551,1793,Settlers (Sold by Sulpicians),104874710,446894382,551769092,312
257779,1793,Settlers (Sold by Sulpicians),105132489,446636603,551769092,313
280582,1793,Settlers (Sold by Sulpicians),105413071,446356021,551769092,314
260125,1793,Settlers (Sold by Sulpicians),105673196,446095896,551769092,315
269777,1793,Settlers (Sold by Sulpicians),105942973,445826119,551769092,316
218985,1793,Settlers (Sold by Sulpicians),106161958,445607134,551769092,317
331190,1793,Settlers (Sold by Sulpicians),106493148,445275944,551769092,318
335809,1793,Settlers (Sold by Sulpicians),106828957,444940135,551769092,319
338396,1793,Settlers (Sold by Sulpicians),107167353,444601739,551769092,320
301735,1793,Settlers (Sold by Sulpicians),107469088,444300004,551769092,321
288841,1793,Settlers (Sold by Sulpicians),107757929,444011163,551769092,322
257777,1793,Settlers (Sold by Sulpicians),108015706,443753386,551769092,323
361355,1793,Settlers (Sold by Sulpicians),108377061,443392031,551769092,324
370014,1793,Settlers (Sold by Sulpicians),108747075,443022017,551769092,325
338775,1794,Settlers (Sold by Sulpicians),109085850,442683242,551769092,326
272573,1794,Settlers (Sold by Sulpicians),109358423,442410669,551769092,327
316456,1794,Settlers (Sold by Sulpicians),109674879,442094213,551769092,328
310933,1794,Settlers (Sold by Sulpicians),109985812,441783280,551769092,329
282974,1794,Settlers (Sold by Sulpicians),110268786,441500306,551769092,330
341663,1794,Settlers (Sold by Sulpicians),110610449,441158643,551769092,331
301573,1794,Settlers (Sold by Sulpicians),110912022,440857070,551769092,332
286862,1794,Settlers (Sold by Sulpicians),111198884,440570208,551769092,333
293789,1794,Settlers (Sold by Sulpicians),111492673,440276419,551769092,334
305521,1794,Settlers (Sold by Sulpicians),111798194,439970898,551769092,335
382129,1794,Settlers (Sold by Sulpicians),112180323,439588769,551769092,336
168906,1794,Settlers (Sold by Sulpicians),112349229,439419863,551769092,337
303591,1794,Settlers (Sold by Sulpicians),112652820,439116272,551769092,338
315622,1794,Settlers (Sold by Sulpicians),112968442,438800650,551769092,339
310094,1794,Settlers (Sold by Sulpicians),113278536,438490556,551769092,340
296807,1794,Settlers (Sold by Sulpicians),113575343,438193749,551769092,341
316613,1794,Settlers (Sold by Sulpicians),113891956,437877136,551769092,342
301053,1794,Settlers (Sold by Sulpicians),114193009,437576083,551769092,343
319863,1794,Settlers (Sold by Sulpicians),114512872,437256220,551769092,344
346578,1794,Settlers (Sold by Sulpicians),114859450,436909642,551769092,345
302300,1795,Settlers (Sold by Sulpicians),115161750,436607342,551769092,346
280675,1795,Settlers (Sold by Sulpicians),115442425,436326667,551769092,347
293374,1795,Settlers (Sold by Sulpicians),115735799,436033293,551769092,348
289211,1795,Settlers (Sold by Sulpicians),116025010,435744082,551769092,349
362747,1795,Settlers (Sold by Sulpicians),116387757,435381335,551769092,350
283104,1795,Settlers (Sold by Sulpicians),116670861,435098231,551769092,351
264884,1795,Settlers (Sold by Sulpicians),116935745,434833347,551769092,352
343934,1795,Settlers (Sold by Sulpicians),117279679,434489413,551769092,353
308775,1795,Settlers (Sold by Sulpicians),117588454,434180638,551769092,354
294219,1795,Settlers (Sold by Sulpicians),117882673,433886419,551769092,355
317461,1795,Settlers (Sold by Sulpicians),118200134,433568958,551769092,356
299390,1795,Settlers (Sold by Sulpicians),118499524,433269568,551769092,357
320895,1795,Settlers (Sold by Sulpicians),118820419,432948673,551769092,358
299193,1795,Settlers (Sold by Sulpicians),119119612,432649480,551769092,359
290480,1795,Settlers (Sold by Sulpicians),119410092,432359000,551769092,360
297582,1795,Settlers (Sold by Sulpicians),119707674,432061418,551769092,361
301251,1795,Settlers (Sold by Sulpicians),120008925,431760167,551769092,362
206156,1795,Settlers (Sold by Sulpicians),120215081,431554011,551769092,363
401801,1795,Settlers (Sold by Sulpicians),120616882,431152210,551769092,364
279846,1795,Settlers (Sold by Sulpicians),120896728,430872364,551769092,365
333347,1795,Settlers (Sold by Sulpicians),121230075,430539017,551769092,366
297690,1795,Settlers (Sold by Sulpicians),121527765,430241327,551769092,367
326685,1795,Settlers (Sold by Sulpicians),121854450,429914642,551769092,368
331924,1795,Settlers (Sold by Sulpicians),122186374,429582718,551769092,369
325789,1795,Settlers (Sold by Sulpicians),122512163,429256929,551769092,370
269914,1795,Settlers (Sold by Sulpicians),122782077,428987015,551769092,371
240200,1795,Settlers (Sold by Sulpicians),123022277,428746815,551769092,372
283968,1795,Settlers (Sold by Sulpicians),123306245,428462847,551769092,373
304940,1795,Settlers (Sold by Sulpicians),123611185,428157907,551769092,374
317958,1795,Settlers (Sold by Sulpicians),123929143,427839949,551769092,375
312679,1795,Settlers (Sold by Sulpicians),124241822,427527270,551769092,376
314404,1795,Settlers (Sold by Sulpicians),124556226,427212866,551769092,377
304382,1795,Settlers (Sold by Sulpicians),124860608,426908484,551769092,378
315057,1795,Settlers (Sold by Sulpicians),125175665,426593427,551769092,379
318787,1795,Settlers (Sold by Sulpicians),125494452,426274640,551769092,380
301100,1795,Settlers (Sold by Sulpicians),125795552,425973540,551769092,381
320542,1795,Settlers (Sold by Sulpicians),126116094,425652998,551769092,382
292840,1795,Settlers (Sold by Sulpicians),126408934,425360158,551769092,383
322773,1795,Settlers (Sold by Sulpicians),126731707,425037385,551769092,384
278354,1795,Settlers (Sold by Sulpicians),127010061,424759031,551769092,385
383126,1795,Settlers (Sold by Sulpicians),127393187,424375905,551769092,386
276086,1795,Settlers (Sold by Sulpicians),127669273,424099819,551769092,387
319994,1795,Settlers (Sold by Sulpicians),127989267,423779825,551769092,388
313432,1795,Settlers (Sold by Sulpicians),128302699,423466393,551769092,389
334863,1795,Settlers (Sold by Sulpicians),128637562,423131530,551769092,390
353729,1795,Settlers (Sold by Sulpicians),128991291,422777801,551769092,391
285500,1795,Settlers (Sold by Sulpicians),129276791,422492301,551769092,392
295139,1795,Settlers (Sold by Sulpicians),129571930,422197162,551769092,393
305393,1795,Settlers (Sold by Sulpicians),129877323,421891769,551769092,394
303380,1795,Settlers (Sold by Sulpicians),130180703,421588389,551769092,395
186032,1795,Settlers (Sold by Sulpicians),130366735,421402357,551769092,396
292252,1795,Settlers (Sold by Sulpicians),130658987,421110105,551769092,397
365653,1795,Settlers (Sold by Sulpicians),131024640,420744452,551769092,398
390326,1795,Settlers (Sold by Sulpicians),131414966,420354126,551769092,399
376984,1795,Settlers (Sold by Sulpicians),131791950,419977142,551769092,400
291546,1795,Settlers (Sold by Sulpicians),132083496,419685596,551769092,401
290204,1795,Settlers (Sold by Sulpicians),132373700,419395392,551769092,402
464858,1795,Settlers (Sold by Sulpicians),132838558,418930534,551769092,403
556134,1795,Settlers (Sold by Sulpicians),133394692,418374400,551769092,404
383189,1795,Settlers (Sold by Sulpicians),133777881,417991211,551769092,405
380983,1795,Settlers (Sold by Sulpicians),134158864,417610228,551769092,406
331518,1795,Settlers (Sold by Sulpicians),134490382,417278710,551769092,407
552890,1795,Settlers (Sold by Sulpicians),135043272,416725820,551769092,408
413713,1795,Settlers (Sold by Sulpicians),135456985,416312107,551769092,409
411254,1795,Settlers (Sold by Sulpicians),135868239,415900853,551769092,410
75336,1795,Settlers (Sold by Sulpicians),135943575,415825517,551769092,411
469093,1795,Settlers (Sold by Sulpicians),136412668,415356424,551769092,412
348716,1795,Settlers (Sold by Sulpicians),136761384,415007708,551769092,413
373085,1796,Settlers (Sold by Sulpicians),137134469,414634623,551769092,414
288339,1796,Settlers (Sold by Sulpicians),137422808,414346284,551769092,415
219000,1796,Settlers (Sold by Sulpicians),137641808,414127284,551769092,416
321715,1796,Settlers (Sold by Sulpicians),137963523,413805569,551769092,417
331852,1796,Settlers (Sold by Sulpicians),138295375,413473717,551769092,418
296729,1796,Settlers (Sold by Sulpicians),138592104,413176988,551769092,419
427463,1796,Settlers (Sold by Sulpicians),139019567,412749525,551769092,420
303917,1796,Settlers (Sold by Sulpicians),139323484,412445608,551769092,421
321770,1796,Settlers (Sold by Sulpicians),139645254,412123838,551769092,422
408555,1796,Settlers (Sold by Sulpicians),140053809,411715283,551769092,423
330029,1796,Settlers (Sold by Sulpicians),140383838,411385254,551769092,424
355610,1796,Settlers (Sold by Sulpicians),140739448,411029644,551769092,425
362419,1796,Settlers (Sold by Sulpicians),141101867,410667225,551769092,426
335866,1796,Settlers (Sold by Sulpicians),141437733,410331359,551769092,427
347673,1796,Settlers (Sold by Sulpicians),141785406,409983686,551769092,428
373320,1796,Settlers (Sold by Sulpicians),142158726,409610366,551769092,429
288373,1796,Settlers (Sold by Sulpicians),142447099,409321993,551769092,430
331531,1796,Settlers (Sold by Sulpicians),142778630,408990462,551769092,431
347196,1796,Settlers (Sold by Sulpicians),143125826,408643266,551769092,432
393197,1796,Settlers (Sold by Sulpicians),143519023,408250069,551769092,433
377262,1796,Settlers (Sold by Sulpicians),143896285,407872807,551769092,434
433101,1796,Settlers (Sold by Sulpicians),144329386,407439706,551769092,435
298791,1796,Settlers (Sold by Sulpicians),144628177,407140915,551769092,436
292918,1796,Settlers (Sold by Sulpicians),144921095,406847997,551769092,437
465351,1796,Settlers (Sold by Sulpicians),145386446,406382646,551769092,438
296464,1796,Settlers (Sold by Sulpicians),145682910,406086182,551769092,439
318704,1796,Settlers (Sold by Sulpicians),146001614,405767478,551769092,440
295914,1796,Settlers (Sold by Sulpicians),146297528,405471564,551769092,441
321171,1796,Settlers (Sold by Sulpicians),146618699,405150393,551769092,442
306016,1796,Settlers (Sold by Sulpicians),146924715,404844377,551769092,443
314895,1796,Settlers (Sold by Sulpicians),147239610,404529482,551769092,444
314769,1796,Settlers (Sold by Sulpicians),147554379,404214713,551769092,445
328418,1796,Settlers (Sold by Sulpicians),147882797,403886295,551769092,446
285102,1796,Settlers (Sold by Sulpicians),148167899,403601193,551769092,447
341165,1796,Settlers (Sold by Sulpicians),148509064,403260028,551769092,448
340613,1796,Settlers (Sold by Sulpicians),148849677,402919415,551769092,449
251067,1796,Settlers (Sold by Sulpicians),149100744,402668348,551769092,450
317692,1796,Settlers (Sold by Sulpicians),149418436,402350656,551769092,451
321829,1796,Settlers (Sold by Sulpicians),149740265,402028827,551769092,452
339080,1796,Settlers (Sold by Sulpicians),150079345,401689747,551769092,453
349200,1796,Settlers (Sold by Sulpicians),150428545,401340547,551769092,454
308606,1796,Settlers (Sold by Sulpicians),150737151,401031941,551769092,455
356996,1796,Settlers (Sold by Sulpicians),151094147,400674945,551769092,456
318583,1796,Settlers (Sold by Sulpicians),151412730,400356362,551769092,457
344086,1796,Settlers (Sold by Sulpicians),151756816,400012276,551769092,458
290706,1796,Settlers (Sold by Sulpicians),152047522,399721570,551769092,459
337587,1796,Settlers (Sold by Sulpicians),152385109,399383983,551769092,460
318267,1796,Settlers (Sold by Sulpicians),152703376,399065716,551769092,461
372863,1796,Settlers (Sold by Sulpicians),153076239,398692853,551769092,462
372545,1796,Settlers (Sold by Sulpicians),153448784,398320308,551769092,463
356764,1796,Settlers (Sold by Sulpicians),153805548,397963544,551769092,464
326241,1796,Settlers (Sold by Sulpicians),154131789,397637303,551769092,465
320072,1796,Settlers (Sold by Sulpicians),154451861,397317231,551769092,466
313877,1796,Settlers (Sold by Sulpicians),154765738,397003354,551769092,467
274243,1796,Settlers (Sold by Sulpicians),155039981,396729111,551769092,468
305766,1796,Settlers (Sold by Sulpicians),155345747,396423345,551769092,469
311816,1796,Settlers (Sold by Sulpicians),155657563,396111529,551769092,470
369789,1796,Settlers (Sold by Sulpicians),156027352,395741740,551769092,471
261774,1796,Settlers (Sold by Sulpicians),156289126,395479966,551769092,472
310629,1796,Settlers (Sold by Sulpicians),156599755,395169337,551769092,473
315281,1796,Settlers (Sold by Sulpicians),156915036,394854056,551769092,474
285105,1796,Settlers (Sold by Sulpicians),157200141,394568951,551769092,475
344288,1796,Settlers (Sold by Sulpicians),157544429,394224663,551769092,476
334998,1796,Settlers (Sold by Sulpicians),157879427,393889665,551769092,477
292699,1796,Settlers (Sold by Sulpicians),158172126,393596966,551769092,478
346416,1796,Settlers (Sold by Sulpicians),158518542,393250550,551769092,479
259094,1796,Settlers (Sold by Sulpicians),158777636,392991456,551769092,480
304918,1796,Settlers (Sold by Sulpicians),159082554,392686538,551769092,481
365901,1796,Settlers (Sold by Sulpicians),159448455,392320637,551769092,482
294500,1796,Settlers (Sold by Sulpicians),159742955,392026137,551769092,483
336862,1796,Settlers (Sold by Sulpicians),160079817,391689275,551769092,484
292052,1796,Settlers (Sold by Sulpicians),160371869,391397223,551769092,485
321784,1796,Settlers (Sold by Sulpicians),160693653,391075439,551769092,486
312995,1796,Settlers (Sold by Sulpicians),161006648,390762444,551769092,487
291537,1796,Settlers (Sold by Sulpicians),161298185,390470907,551769092,488
277974,1796,Settlers (Sold by Sulpicians),161576159,390192933,551769092,489
309495,1796,Settlers (Sold by Sulpicians),161885654,389883438,551769092,490
221778,1796,Settlers (Sold by Sulpicians),162107432,389661660,551769092,491
256811,1796,Settlers (Sold by Sulpicians),162364243,389404849,551769092,492
268525,1796,Settlers (Sold by Sulpicians),162632768,389136324,551769092,493
263498,1796,Settlers (Sold by Sulpicians),162896266,388872826,551769092,494
140471,1796,Settlers (Sold by Sulpicians),163036737,388732355,551769092,495
159248,1796,Settlers (Sold by Sulpicians),163195985,388573107,551769092,496
108831,1796,Settlers (Sold by Sulpicians),163304816,388464276,551769092,497
140829,1796,Settlers (Sold by Sulpicians),163445645,388323447,551769092,498
171859,1796,Settlers (Sold by Sulpicians),163617504,388151588,551769092,499
333181,1796,Settlers (Sold by Sulpicians),163950685,387818407,551769092,500
298369,1796,Settlers (Sold by Sulpicians),164249054,387520038,551769092,501
298620,1796,Settlers (Sold by Sulpicians),164547674,387221418,551769092,502
236881,1796,Settlers (Sold by Sulpicians),164784555,386984537,551769092,503
214490,1796,Settlers (Sold by Sulpicians),164999045,386770047,551769092,504
215882,1796,Settlers (Sold by Sulpicians),165214927,386554165,551769092,505
208710,1796,Settlers (Sold by Sulpicians),165423637,386345455,551769092,506
191416,1796,Settlers (Sold by Sulpicians),165615053,386154039,551769092,507
231956,1796,Settlers (Sold by Sulpicians),165847009,385922083,551769092,508
232226,1796,Settlers (Sold by Sulpicians),166079235,385689857,551769092,509
253644,1796,Settlers (Sold by Sulpicians),166332879,385436213,551769092,510
227086,1796,Settlers (Sold by Sulpicians),166559965,385209127,551769092,511
209363,1796,Settlers (Sold by Sulpicians),166769328,384999764,551769092,512
133691,1796,Settlers (Sold by Sulpicians),166903019,384866073,551769092,513
197016,1796,Settlers (Sold by Sulpicians),167100035,384669057,551769092,514
124315,1796,Settlers (Sold by Sulpicians),167224350,384544742,551769092,515
225079,1796,Settlers (Sold by Sulpicians),167449429,384319663,551769092,516
307729,1796,Settlers (Sold by Sulpicians),167757158,384011934,551769092,517
383543,1796,Settlers (Sold by Sulpicians),168140701,383628391,551769092,518
324632,1797,Settlers (Sold by Sulpicians),168465333,383303759,551769092,519
337502,1797,Settlers (Sold by Sulpicians),168802835,382966257,551769092,520
393032,1797,Settlers (Sold by Sulpicians),169195867,382573225,551769092,521
347955,1797,Settlers (Sold by Sulpicians),169543822,382225270,551769092,522
318823,1797,Settlers (Sold by Sulpicians),169862645,381906447,551769092,523
368833,1797,Settlers (Sold by Sulpicians),170231478,381537614,551769092,524
406136,1797,Settlers (Sold by Sulpicians),170637614,381131478,551769092,525
266195,1797,Settlers (Sold by Sulpicians),170903809,380865283,551769092,526
315068,1797,Settlers (Sold by Sulpicians),171218877,380550215,551769092,527
305766,1797,Settlers (Sold by Sulpicians),171524643,380244449,551769092,528
323492,1797,Settlers (Sold by Sulpicians),171848135,379920957,551769092,529
295937,1797,Settlers (Sold by Sulpicians),172144072,379625020,551769092,530
264520,1797,Settlers (Sold by Sulpicians),172408592,379360500,551769092,531
301062,1797,Settlers (Sold by Sulpicians),172709654,379059438,551769092,532
311846,1797,Settlers (Sold by Sulpicians),173021500,378747592,551769092,533
354619,1797,Settlers (Sold by Sulpicians),173376119,378392973,551769092,534
241939,1797,Settlers (Sold by Sulpicians),173618058,378151034,551769092,535
257418,1797,Settlers (Sold by Sulpicians),173875476,377893616,551769092,536
243906,1797,Settlers (Sold by Sulpicians),174119382,377649710,551769092,537
250518,1797,Settlers (Sold by Sulpicians),174369900,377399192,551769092,538
259509,1797,Settlers (Sold by Sulpicians),174629409,377139683,551769092,539
246943,1797,Settlers (Sold by Sulpicians),174876352,376892740,551769092,540
292678,1797,Settlers (Sold by Sulpicians),175169030,376600062,551769092,541
247341,1797,Settlers (Sold by Sulpicians),175416371,376352721,551769092,542
274411,1797,Settlers (Sold by Sulpicians),175690782,376078310,551769092,543
257625,1797,Settlers (Sold by Sulpicians),175948407,375820685,551769092,544
258560,1797,Settlers (Sold by Sulpicians),176206967,375562125,551769092,545
248610,1797,Settlers (Sold by Sulpicians),176455577,375313515,551769092,546
247865,1797,Settlers (Sold by Sulpicians),176703442,375065650,551769092,547
262681,1797,Settlers (Sold by Sulpicians),176966123,374802969,551769092,548
276623,1797,Settlers (Sold by Sulpicians),177242746,374526346,551769092,549
173867,1797,Settlers (Sold by Sulpicians),177416613,374352479,551769092,550
230548,1797,Settlers (Sold by Sulpicians),177647161,374121931,551769092,551
281223,1797,Settlers (Sold by Sulpicians),177928384,373840708,551769092,552
216981,1797,Settlers (Sold by Sulpicians),178145365,373623727,551769092,553
235195,1797,Settlers (Sold by Sulpicians),178380560,373388532,551769092,554
228682,1797,Settlers (Sold by Sulpicians),178609242,373159850,551769092,555
226545,1797,Settlers (Sold by Sulpicians),178835787,372933305,551769092,556
235740,1797,Settlers (Sold by Sulpicians),179071527,372697565,551769092,557
301753,1797,Settlers (Sold by Sulpicians),179373280,372395812,551769092,558
333839,1797,Settlers (Sold by Sulpicians),179707119,372061973,551769092,559
233089,1797,Settlers (Sold by Sulpicians),179940208,371828884,551769092,560
243929,1797,Settlers (Sold by Sulpicians),180184137,371584955,551769092,561
233407,1797,Settlers (Sold by Sulpicians),180417544,371351548,551769092,562
336009,1797,Settlers (Sold by Sulpicians),180753553,371015539,551769092,563
350903,1798,Settlers (Sold by Sulpicians),181104456,370664636,551769092,564
336183,1798,Settlers (Sold by Sulpicians),181440639,370328453,551769092,565
397642,1798,Settlers (Sold by Sulpicians),181838281,369930811,551769092,566
269596,1798,Settlers (Sold by Sulpicians),182107877,369661215,551769092,567
430394,1798,Settlers (Sold by Sulpicians),182538271,369230821,551769092,568
381064,1798,Settlers (Sold by Sulpicians),182919335,368849757,551769092,569
565875,1798,Settlers (Sold by Sulpicians),183485210,368283882,551769092,570
322114,1798,Settlers (Sold by Sulpicians),183807324,367961768,551769092,571
178592,1798,Settlers (Sold by Sulpicians),183985916,367783176,551769092,572
208345,1798,Settlers (Sold by Sulpicians),184194261,367574831,551769092,573
564654,1798,Settlers (Sold by Sulpicians),184758915,367010177,551769092,574
289769,1798,Settlers (Sold by Sulpicians),185048684,366720408,551769092,575
338056,1798,Settlers (Sold by Sulpicians),185386740,366382352,551769092,576
303262,1798,Settlers (Sold by Sulpicians),185690002,366079090,551769092,577
289626,1798,Settlers (Sold by Sulpicians),185979628,365789464,551769092,578
423200,1798,Settlers (Sold by Sulpicians),186402828,365366264,551769092,579
373176,1798,Settlers (Sold by Sulpicians),186776004,364993088,551769092,580
244109,1798,Settlers (Sold by Sulpicians),187020113,364748979,551769092,581
325799,1798,Settlers (Sold by Sulpicians),187345912,364423180,551769092,582
319857,1798,Settlers (Sold by Sulpicians),187665769,364103323,551769092,583
309833,1798,Settlers (Sold by Sulpicians),187975602,363793490,551769092,584
306920,1798,Settlers (Sold by Sulpicians),188282522,363486570,551769092,585
331885,1798,Settlers (Sold by Sulpicians),188614407,363154685,551769092,586
334544,1798,Settlers (Sold by Sulpicians),188948951,362820141,551769092,587
279385,1798,Settlers (Sold by Sulpicians),189228336,362540756,551769092,588
311512,1798,Settlers (Sold by Sulpicians),189539848,362229244,551769092,589
307360,1798,Settlers (Sold by Sulpicians),189847208,361921884,551769092,590
308613,1798,Settlers (Sold by Sulpicians),190155821,361613271,551769092,591
323503,1798,Settlers (Sold by Sulpicians),190479324,361289768,551769092,592
297091,1798,Settlers (Sold by Sulpicians),190776415,360992677,551769092,593
298489,1798,Settlers (Sold by Sulpicians),191074904,360694188,551769092,594
297458,1798,Settlers (Sold by Sulpicians),191372362,360396730,551769092,595
380733,1798,Settlers (Sold by Sulpicians),191753095,360015997,551769092,596
289091,1798,Settlers (Sold by Sulpicians),192042186,359726906,551769092,597
336806,1798,Settlers (Sold by Sulpicians),192378992,359390100,551769092,598
248811,1798,Settlers (Sold by Sulpicians),192627803,359141289,551769092,599
306404,1798,Settlers (Sold by Sulpicians),192934207,358834885,551769092,600
246929,1798,Settlers (Sold by Sulpicians),193181136,358587956,551769092,601
274651,1798,Settlers (Sold by Sulpicians),193455787,358313305,551769092,602
229890,1798,Settlers (Sold by Sulpicians),193685677,358083415,551769092,603
261092,1798,Settlers (Sold by Sulpicians),193946769,357822323,551769092,604
270540,1798,Settlers (Sold by Sulpicians),194217309,357551783,551769092,605
229458,1798,Settlers (Sold by Sulpicians),194446767,357322325,551769092,606
234687,1798,Settlers (Sold by Sulpicians),194681454,357087638,551769092,607
246293,1798,Settlers (Sold by Sulpicians),194927747,356841345,551769092,608
271375,1798,Settlers (Sold by Sulpicians),195199122,356569970,551769092,609
242201,1798,Settlers (Sold by Sulpicians),195441323,356327769,551769092,610
247754,1798,Settlers (Sold by Sulpicians),195689077,356080015,551769092,611
260032,1798,Settlers (Sold by Sulpicians),195949109,355819983,551769092,612
229199,1798,Settlers (Sold by Sulpicians),196178308,355590784,551769092,613
259691,1798,Settlers (Sold by Sulpicians),196437999,355331093,551769092,614
257549,1798,Settlers (Sold by Sulpicians),196695548,355073544,551769092,615
289357,1798,Settlers (Sold by Sulpicians),196984905,354784187,551769092,616
245601,1798,Settlers (Sold by Sulpicians),197230506,354538586,551769092,617
206141,1798,Settlers (Sold by Sulpicians),197436647,354332445,551769092,618
246639,1798,Settlers (Sold by Sulpicians),197683286,354085806,551769092,619
277203,1798,Settlers (Sold by Sulpicians),197960489,353808603,551769092,620
268867,1798,Settlers (Sold by Sulpicians),198229356,353539736,551769092,621
262783,1798,Settlers (Sold by Sulpicians),198492139,353276953,551769092,622
190900,1798,Settlers (Sold by Sulpicians),198683039,353086053,551769092,623
231837,1798,Settlers (Sold by Sulpicians),198914876,352854216,551769092,624
245561,1798,Settlers (Sold by Sulpicians),199160437,352608655,551769092,625
225040,1798,Settlers (Sold by Sulpicians),199385477,352383615,551769092,626
248780,1798,Settlers (Sold by Sulpicians),199634257,352134835,551769092,627
253807,1798,Settlers (Sold by Sulpicians),199888064,351881028,551769092,628
220677,1798,Settlers (Sold by Sulpicians),200108741,351660351,551769092,629
186541,1798,Settlers (Sold by Sulpicians),200295282,351473810,551769092,630
208128,1798,Settlers (Sold by Sulpicians),200503410,351265682,551769092,631
247218,1798,Settlers (Sold by Sulpicians),200750628,351018464,551769092,632
354593,1798,Settlers (Sold by Sulpicians),201105221,350663871,551769092,633
351660,1798,Settlers (Sold by Sulpicians),201456881,350312211,551769092,634
199104,1798,Settlers (Sold by Sulpicians),201655985,350113107,551769092,635
318564,1798,Settlers (Sold by Sulpicians),201974549,349794543,551769092,636
196576,1798,Settlers (Sold by Sulpicians),202171125,349597967,551769092,637
211608,1798,Settlers (Sold by Sulpicians),202382733,349386359,551769092,638
244644,1798,Settlers (Sold by Sulpicians),202627377,349141715,551769092,639
303820,1798,Settlers (Sold by Sulpicians),202931197,348837895,551769092,640
365910,1798,Settlers (Sold by Sulpicians),203297107,348471985,551769092,641
497857,1799,Settlers (Sold by Sulpicians),203794964,347974128,551769092,642
623054,1799,Settlers (Sold by Sulpicians),204418018,347351074,551769092,643
248189,1799,Settlers (Sold by Sulpicians),204666207,347102885,551769092,644
547826,1799,Settlers (Sold by Sulpicians),205214033,346555059,551769092,645
493996,1799,Settlers (Sold by Sulpicians),205708029,346061063,551769092,646
360072,1799,Settlers (Sold by Sulpicians),206068101,345700991,551769092,647
356560,1799,Settlers (Sold by Sulpicians),206424661,345344431,551769092,648
205060,1799,Settlers (Sold by Sulpicians),206629721,345139371,551769092,649
273968,1799,Settlers (Sold by Sulpicians),206903689,344865403,551769092,650
311894,1799,Settlers (Sold by Sulpicians),207215583,344553509,551769092,651
287312,1799,Settlers (Sold by Sulpicians),207502895,344266197,551769092,652
375485,1799,Settlers (Sold by Sulpicians),207878380,343890712,551769092,653
444346,1799,Settlers (Sold by Sulpicians),208322726,343446366,551769092,654
383523,1799,Settlers (Sold by Sulpicians),208706249,343062843,551769092,655
430408,1799,Settlers (Sold by Sulpicians),209136657,342632435,551769092,656
348513,1799,Settlers (Sold by Sulpicians),209485170,342283922,551769092,657
382686,1799,Settlers (Sold by Sulpicians),209867856,341901236,551769092,658
255737,1799,Settlers (Sold by Sulpicians),210123593,341645499,551769092,659
364152,1799,Settlers (Sold by Sulpicians),210487745,341281347,551769092,660
415648,1799,Settlers (Sold by Sulpicians),210903393,340865699,551769092,661
383002,1799,Settlers (Sold by Sulpicians),211286395,340482697,551769092,662
387670,1799,Settlers (Sold by Sulpicians),211674065,340095027,551769092,663
392638,1799,Settlers (Sold by Sulpicians),212066703,339702389,551769092,664
372351,1799,Settlers (Sold by Sulpicians),212439054,339330038,551769092,665
330811,1799,Settlers (Sold by Sulpicians),212769865,338999227,551769092,666
291941,1799,Settlers (Sold by Sulpicians),213061806,338707286,551769092,667
360177,1799,Settlers (Sold by Sulpicians),213421983,338347109,551769092,668
416083,1799,Settlers (Sold by Sulpicians),213838066,337931026,551769092,669
403405,1799,Settlers (Sold by Sulpicians),214241471,337527621,551769092,670
452202,1799,Settlers (Sold by Sulpicians),214693673,337075419,551769092,671
257198,1799,Settlers (Sold by Sulpicians),214950871,336818221,551769092,672
232599,1799,Settlers (Sold by Sulpicians),215183470,336585622,551769092,673
226130,1799,Settlers (Sold by Sulpicians),215409600,336359492,551769092,674
196214,1799,Settlers (Sold by Sulpicians),215605814,336163278,551769092,675
200559,1799,Settlers (Sold by Sulpicians),215806373,335962719,551769092,676
382578,1799,Settlers (Sold by Sulpicians),216188951,335580141,551769092,677
534627,1799,Settlers (Sold by Sulpicians),216723578,335045514,551769092,678
397024,1799,Settlers (Sold by Sulpicians),217120602,334648490,551769092,679
567965,1799,Settlers (Sold by Sulpicians),217688567,334080525,551769092,680
475778,1799,Settlers (Sold by Sulpicians),218164345,333604747,551769092,681
392948,1799,Settlers (Sold by Sulpicians),218557293,333211799,551769092,682
406231,1799,Settlers (Sold by Sulpicians),218963524,332805568,551769092,683
377888,1799,Settlers (Sold by Sulpicians),219341412,332427680,551769092,684
378512,1799,Settlers (Sold by Sulpicians),219719924,332049168,551769092,685
350922,1799,Settlers (Sold by Sulpicians),220070846,331698246,551769092,686
344108,1799,Settlers (Sold by Sulpicians),220414954,331354138,551769092,687
367787,1799,Settlers (Sold by Sulpicians),220782741,330986351,551769092,688
415895,1799,Settlers (Sold by Sulpicians),221198636,330570456,551769092,689
466798,1799,Settlers (Sold by Sulpicians),221665434,330103658,551769092,690
417429,1799,Settlers (Sold by Sulpicians),222082863,329686229,551769092,691
389412,1799,Settlers (Sold by Sulpicians),222472275,329296817,551769092,692
435898,1799,Settlers (Sold by Sulpicians),222908173,328860919,551769092,693
387702,1799,Settlers (Sold by Sulpicians),223295875,328473217,551769092,694
369048,1799,Settlers (Sold by Sulpicians),223664923,328104169,551769092,695
386958,1799,Settlers (Sold by Sulpicians),224051881,327717211,551769092,696
346148,1799,Settlers (Sold by Sulpicians),224398029,327371063,551769092,697
514836,1799,Settlers (Sold by Sulpicians),224912865,326856227,551769092,698
276621,1799,Settlers (Sold by Sulpicians),225189486,326579606,551769092,699
310050,1799,Settlers (Sold by Sulpicians),225499536,326269556,551769092,700
293164,1799,Settlers (Sold by Sulpicians),225792700,325976392,551769092,701
260178,1799,Settlers (Sold by Sulpicians),226052878,325716214,551769092,702
308906,1799,Settlers (Sold by Sulpicians),226361784,325407308,551769092,703
368054,1800,Settlers (Sold by Sulpicians),226729838,325039254,551769092,704
325761,1800,Settlers (Sold by Sulpicians),227055599,324713493,551769092,705
342489,1800,Settlers (Sold by Sulpicians),227398088,324371004,551769092,706
236703,1800,Settlers (Sold by Sulpicians),227634791,324134301,551769092,707
393752,1800,Settlers (Sold by Sulpicians),228028543,323740549,551769092,708
409973,1800,Settlers (Sold by Sulpicians),228438516,323330576,551769092,709
407958,1800,Settlers (Sold by Sulpicians),228846474,322922618,551769092,710
258482,1800,Settlers (Sold by Sulpicians),229104956,322664136,551769092,711
251223,1800,Settlers (Sold by Sulpicians),229356179,322412913,551769092,712
252442,1800,Settlers (Sold by Sulpicians),229608621,322160471,551769092,713
237276,1800,Settlers (Sold by Sulpicians),229845897,321923195,551769092,714
233545,1800,Settlers (Sold by Sulpicians),230079442,321689650,551769092,715
279176,1800,Settlers (Sold by Sulpicians),230358618,321410474,551769092,716
157833,1800,Settlers (Sold by Sulpicians),230516451,321252641,551769092,717
255560,1800,Settlers (Sold by Sulpicians),230772011,320997081,551769092,718
173565,1800,Settlers (Sold by Sulpicians),230945576,320823516,551769092,719
196583,1800,Settlers (Sold by Sulpicians),231142159,320626933,551769092,720
113839,1800,Settlers (Sold by Sulpicians),231255998,320513094,551769092,721
333591,1801,Settlers (Sold by Sulpicians),231589589,320179503,551769092,722
374617,1801,Settlers (Sold by Sulpicians),231964206,319804886,551769092,723
307827,1801,Settlers (Sold by Sulpicians),232272033,319497059,551769092,724
329647,1801,Settlers (Sold by Sulpicians),232601680,319167412,551769092,725
305963,1801,Settlers (Sold by Sulpicians),232907643,318861449,551769092,726
411144,1801,Settlers (Sold by Sulpicians),233318787,318450305,551769092,727
333255,1801,Settlers (Sold by Sulpicians),233652042,318117050,551769092,728
265345,1801,Settlers (Sold by Sulpicians),233917387,317851705,551769092,729
303820,1801,Settlers (Sold by Sulpicians),234221207,317547885,551769092,730
318027,1801,Settlers (Sold by Sulpicians),234539234,317229858,551769092,731
264495,1801,Settlers (Sold by Sulpicians),234803729,316965363,551769092,732
835987,1801,Settlers (Sold by Sulpicians),235639716,316129376,551769092,733
375115,1801,Settlers (Sold by Sulpicians),236014831,315754261,551769092,734
298361,1802,Settlers (Sold by Sulpicians),236313192,315455900,551769092,735
288019,1802,Settlers (Sold by Sulpicians),236601211,315167881,551769092,736
284259,1802,Settlers (Sold by Sulpicians),236885470,314883622,551769092,737
390230,1802,Settlers (Sold by Sulpicians),237275700,314493392,551769092,738
296288,1802,Settlers (Sold by Sulpicians),237571988,314197104,551769092,739
310382,1802,Settlers (Sold by Sulpicians),237882370,313886722,551769092,740
314478,1802,Settlers (Sold by Sulpicians),238196848,313572244,551769092,741
325218,1802,Settlers (Sold by Sulpicians),238522066,313247026,551769092,742
296868,1802,Settlers (Sold by Sulpicians),238818934,312950158,551769092,743
196191,1802,Settlers (Sold by Sulpicians),239015125,312753967,551769092,744
415784,1802,Settlers (Sold by Sulpicians),239430909,312338183,551769092,745
255521,1802,Settlers (Sold by Sulpicians),239686430,312082662,551769092,746
387728,1802,Settlers (Sold by Sulpicians),240074158,311694934,551769092,747
391644,1802,Settlers (Sold by Sulpicians),240465802,311303290,551769092,748
276473,1802,Settlers (Sold by Sulpicians),240742275,311026817,551769092,749
512139,1802,Settlers (Sold by Sulpicians),241254414,310514678,551769092,750
306403,1802,Settlers (Sold by Sulpicians),241560817,310208275,551769092,751
290781,1802,Settlers (Sold by Sulpicians),241851598,309917494,551769092,752
554635,1802,Settlers (Sold by Sulpicians),242406233,309362859,551769092,753
235399,1802,Settlers (Sold by Sulpicians),242641632,309127460,551769092,754
313360,1802,Settlers (Sold by Sulpicians),242954992,308814100,551769092,755
384978,1802,Settlers (Sold by Sulpicians),243339970,308429122,551769092,756
318710,1802,Settlers (Sold by Sulpicians),243658680,308110412,551769092,757
210578,1802,Settlers (Sold by Sulpicians),243869258,307899834,551769092,758
288430,1803,Settlers (Sold by Sulpicians),244157688,307611404,551769092,759
240348,1803,Settlers (Sold by Sulpicians),244398036,307371056,551769092,760
240561,1803,Settlers (Sold by Sulpicians),244638597,307130495,551769092,761
371837,1803,Settlers (Sold by Sulpicians),245010434,306758658,551769092,762
309322,1803,Settlers (Sold by Sulpicians),245319756,306449336,551769092,763
344054,1803,Settlers (Sold by Sulpicians),245663810,306105282,551769092,764
203484,1803,Settlers (Sold by Sulpicians),245867294,305901798,551769092,765
278326,1803,Settlers (Sold by Sulpicians),246145620,305623472,551769092,766
298938,1803,Settlers (Sold by Sulpicians),246444558,305324534,551769092,767
401968,1803,Settlers (Sold by Sulpicians),246846526,304922566,551769092,768
450855,1803,Settlers (Sold by Sulpicians),247297381,304471711,551769092,769
434712,1803,Settlers (Sold by Sulpicians),247732093,304036999,551769092,770
400709,1803,Settlers (Sold by Sulpicians),248132802,303636290,551769092,771
291627,1803,Settlers (Sold by Sulpicians),248424429,303344663,551769092,772
344608,1803,Settlers (Sold by Sulpicians),248769037,303000055,551769092,773
369959,1803,Settlers (Sold by Sulpicians),249138996,302630096,551769092,774
187250,1803,Settlers (Sold by Sulpicians),249326246,302442846,551769092,775
350033,1803,Settlers (Sold by Sulpicians),249676279,302092813,551769092,776
333911,1803,Settlers (Sold by Sulpicians),250010190,301758902,551769092,777
276849,1803,Settlers (Sold by Sulpicians),250287039,301482053,551769092,778
299729,1803,Settlers (Sold by Sulpicians),250586768,301182324,551769092,779
282058,1803,Settlers (Sold by Sulpicians),250868826,300900266,551769092,780
289981,1803,Settlers (Sold by Sulpicians),251158807,300610285,551769092,781
330702,1803,Settlers (Sold by Sulpicians),251489509,300279583,551769092,782
648512,1803,Settlers (Sold by Sulpicians),252138021,299631071,551769092,783
524523,1803,Settlers (Sold by Sulpicians),252662544,299106548,551769092,784
346290,1803,Settlers (Sold by Sulpicians),253008834,298760258,551769092,785
451680,1803,Settlers (Sold by Sulpicians),253460514,298308578,551769092,786
431820,1803,Settlers (Sold by Sulpicians),253892334,297876758,551769092,787
341418,1803,Settlers (Sold by Sulpicians),254233752,297535340,551769092,788
255134,1803,Settlers (Sold by Sulpicians),254488886,297280206,551769092,789
466647,1803,Settlers (Sold by Sulpicians),254955533,296813559,551769092,790
389372,1803,Settlers (Sold by Sulpicians),255344905,296424187,551769092,791
250320,1803,Settlers (Sold by Sulpicians),255595225,296173867,551769092,792
397223,1803,Settlers (Sold by Sulpicians),255992448,295776644,551769092,793
289473,1803,Settlers (Sold by Sulpicians),256281921,295487171,551769092,794
308815,1803,Settlers (Sold by Sulpicians),256590736,295178356,551769092,795
276481,1803,Settlers (Sold by Sulpicians),256867217,294901875,551769092,796
312717,1803,Settlers (Sold by Sulpicians),257179934,294589158,551769092,797
305348,1803,Settlers (Sold by Sulpicians),257485282,294283810,551769092,798
277070,1803,Settlers (Sold by Sulpicians),257762352,294006740,551769092,799
259949,1803,Settlers (Sold by Sulpicians),258022301,293746791,551769092,800
278310,1803,Settlers (Sold by Sulpicians),258300611,293468481,551769092,801
271632,1803,Settlers (Sold by Sulpicians),258572243,293196849,551769092,802
334902,1803,Settlers (Sold by Sulpicians),258907145,292861947,551769092,803
346499,1803,Settlers (Sold by Sulpicians),259253644,292515448,551769092,804
315609,1803,Settlers (Sold by Sulpicians),259569253,292199839,551769092,805
237309,1803,Settlers (Sold by Sulpicians),259806562,291962530,551769092,806
199148,1803,Settlers (Sold by Sulpicians),260005710,291763382,551769092,807
142358,1803,Settlers (Sold by Sulpicians),260148068,291621024,551769092,808
318791,1803,Settlers (Sold by Sulpicians),260466859,291302233,551769092,809
386625,1803,Settlers (Sold by Sulpicians),260853484,290915608,551769092,810
353689,1803,Settlers (Sold by Sulpicians),261207173,290561919,551769092,811
395655,1803,Settlers (Sold by Sulpicians),261602828,290166264,551769092,812
191866,1803,Settlers (Sold by Sulpicians),261794694,289974398,551769092,813
359564,1803,Settlers (Sold by Sulpicians),262154258,289614834,551769092,814
320597,1803,Settlers (Sold by Sulpicians),262474855,289294237,551769092,815
215043,1804,Settlers (Sold by Sulpicians),262689898,289079194,551769092,816
27392,1804,Settlers (Sold by Sulpicians),262717290,289051802,551769092,817
73867,1804,Settlers (Sold by Sulpicians),262791157,288977935,551769092,818
68618,1804,Settlers (Sold by Sulpicians),262859775,288909317,551769092,819
87769,1804,Settlers (Sold by Sulpicians),262947544,288821548,551769092,820
169326,1804,Settlers (Sold by Sulpicians),263116870,288652222,551769092,821
235010,1804,Settlers (Sold by Sulpicians),263351880,288417212,551769092,822
560038,1804,Settlers (Sold by Sulpicians),263911918,287857174,551769092,823
393645,1804,Settlers (Sold by Sulpicians),264305563,287463529,551769092,824
351694,1804,Settlers (Sold by Sulpicians),264657257,287111835,551769092,825
195445,1804,Settlers (Sold by Sulpicians),264852702,286916390,551769092,826
258356,1804,Settlers (Sold by Sulpicians),265111058,286658034,551769092,827
295347,1804,Settlers (Sold by Sulpicians),265406405,286362687,551769092,828
286192,1804,Settlers (Sold by Sulpicians),265692597,286076495,551769092,829
310938,1804,Settlers (Sold by Sulpicians),266003535,285765557,551769092,830
240460,1804,Settlers (Sold by Sulpicians),266243995,285525097,551769092,831
280652,1804,Settlers (Sold by Sulpicians),266524647,285244445,551769092,832
240495,1804,Settlers (Sold by Sulpicians),266765142,285003950,551769092,833
225498,1804,Settlers (Sold by Sulpicians),266990640,284778452,551769092,834
468161,1804,Settlers (Sold by Sulpicians),267458801,284310291,551769092,835
280688,1804,Settlers (Sold by Sulpicians),267739489,284029603,551769092,836
303061,1804,Settlers (Sold by Sulpicians),268042550,283726542,551769092,837
290548,1804,Settlers (Sold by Sulpicians),268333098,283435994,551769092,838
271226,1804,Settlers (Sold by Sulpicians),268604324,283164768,551769092,839
245159,1804,Settlers (Sold by Sulpicians),268849483,282919609,551769092,840
292779,1804,Settlers (Sold by Sulpicians),269142262,282626830,551769092,841
282524,1804,Settlers (Sold by Sulpicians),269424786,282344306,551769092,842
288214,1804,Settlers (Sold by Sulpicians),269713000,282056092,551769092,843
280679,1804,Settlers (Sold by Sulpicians),269993679,281775413,551769092,844
387150,1804,Settlers (Sold by Sulpicians),270380829,281388263,551769092,845
287092,1804,Settlers (Sold by Sulpicians),270667921,281101171,551769092,846
318999,1804,Settlers (Sold by Sulpicians),270986920,280782172,551769092,847
301115,1804,Settlers (Sold by Sulpicians),271288035,280481057,551769092,848
289284,1804,Settlers (Sold by Sulpicians),271577319,280191773,551769092,849
281007,1804,Settlers (Sold by Sulpicians),271858326,279910766,551769092,850
280380,1804,Settlers (Sold by Sulpicians),272138706,279630386,551769092,851
233087,1804,Settlers (Sold by Sulpicians),272371793,279397299,551769092,852
245840,1804,Settlers (Sold by Sulpicians),272617633,279151459,551769092,853
275217,1804,Settlers (Sold by Sulpicians),272892850,278876242,551769092,854
241949,1804,Settlers (Sold by Sulpicians),273134799,278634293,551769092,855
246094,1804,Settlers (Sold by Sulpicians),273380893,278388199,551769092,856
247420,1804,Settlers (Sold by Sulpicians),273628313,278140779,551769092,857
214817,1804,Settlers (Sold by Sulpicians),273843130,277925962,551769092,858
297972,1804,Settlers (Sold by Sulpicians),274141102,277627990,551769092,859
220830,1804,Settlers (Sold by Sulpicians),274361932,277407160,551769092,860
285471,1804,Settlers (Sold by Sulpicians),274647403,277121689,551769092,861
272184,1804,Settlers (Sold by Sulpicians),274919587,276849505,551769092,862
251276,1804,Settlers (Sold by Sulpicians),275170863,276598229,551769092,863
247381,1804,Settlers (Sold by Sulpicians),275418244,276350848,551769092,864
244570,1804,Settlers (Sold by Sulpicians),275662814,276106278,551769092,865
275630,1804,Settlers (Sold by Sulpicians),275938444,275830648,551769092,866
236958,1804,Settlers (Sold by Sulpicians),276175402,275593690,551769092,867
292901,1804,Settlers (Sold by Sulpicians),276468303,275300789,551769092,868
228682,1804,Settlers (Sold by Sulpicians),276696985,275072107,551769092,869
273880,1804,Settlers (Sold by Sulpicians),276970865,274798227,551769092,870
239914,1804,Settlers (Sold by Sulpicians),277210779,274558313,551769092,871
288907,1804,Settlers (Sold by Sulpicians),277499686,274269406,551769092,872
273136,1804,Settlers (Sold by Sulpicians),277772822,273996270,551769092,873
286932,1804,Settlers (Sold by Sulpicians),278059754,273709338,551769092,874
228323,1804,Settlers (Sold by Sulpicians),278288077,273481015,551769092,875
243054,1804,Settlers (Sold by Sulpicians),278531131,273237961,551769092,876
274302,1804,Settlers (Sold by Sulpicians),278805433,272963659,551769092,877
281739,1804,Settlers (Sold by Sulpicians),279087172,272681920,551769092,878
258405,1804,Settlers (Sold by Sulpicians),279345577,272423515,551769092,879
299936,1804,Settlers (Sold by Sulpicians),279645513,272123579,551769092,880
270529,1804,Settlers (Sold by Sulpicians),279916042,271853050,551769092,881
266319,1804,Settlers (Sold by Sulpicians),280182361,271586731,551769092,882
262253,1804,Settlers (Sold by Sulpicians),280444614,271324478,551769092,883
265955,1804,Settlers (Sold by Sulpicians),280710569,271058523,551769092,884
283017,1804,Settlers (Sold by Sulpicians),280993586,270775506,551769092,885
262362,1804,Settlers (Sold by Sulpicians),281255948,270513144,551769092,886
271603,1804,Settlers (Sold by Sulpicians),281527551,270241541,551769092,887
304713,1804,Settlers (Sold by Sulpicians),281832264,269936828,551769092,888
281048,1804,Settlers (Sold by Sulpicians),282113312,269655780,551769092,889
280871,1804,Settlers (Sold by Sulpicians),282394183,269374909,551769092,890
270281,1804,Settlers (Sold by Sulpicians),282664464,269104628,551769092,891
275409,1804,Settlers (Sold by Sulpicians),282939873,268829219,551769092,892
287471,1804,Settlers (Sold by Sulpicians),283227344,268541748,551769092,893
279066,1804,Settlers (Sold by Sulpicians),283506410,268262682,551769092,894
311541,1804,Settlers (Sold by Sulpicians),283817951,267951141,551769092,895
196239,1804,Settlers (Sold by Sulpicians),284014190,267754902,551769092,896
295470,1804,Settlers (Sold by Sulpicians),284309660,267459432,551769092,897
352312,1804,Settlers (Sold by Sulpicians),284661972,267107120,551769092,898
384918,1804,Settlers (Sold by Sulpicians),285046890,266722202,551769092,899
272541,1804,Settlers (Sold by Sulpicians),285319431,266449661,551769092,900
266823,1804,Settlers (Sold by Sulpicians),285586254,266182838,551769092,901
325187,1804,Settlers (Sold by Sulpicians),285911441,265857651,551769092,902
296005,1804,Settlers (Sold by Sulpicians),286207446,265561646,551769092,903
335433,1804,Settlers (Sold by Sulpicians),286542879,265226213,551769092,904
311972,1804,Settlers (Sold by Sulpicians),286854851,264914241,551769092,905
467386,1804,Settlers (Sold by Sulpicians),287322237,264446855,551769092,906
283441,1804,Settlers (Sold by Sulpicians),287605678,264163414,551769092,907
280498,1804,Settlers (Sold by Sulpicians),287886176,263882916,551769092,908
298656,1804,Settlers (Sold by Sulpicians),288184832,263584260,551769092,909
70015,1804,Settlers (Sold by Sulpicians),288254847,263514245,551769092,910
248464,1805,Settlers (Sold by Sulpicians),288503311,263265781,551769092,911
262121,1805,Settlers (Sold by Sulpicians),288765432,263003660,551769092,912
253139,1805,Settlers (Sold by Sulpicians),289018571,262750521,551769092,913
252152,1805,Settlers (Sold by Sulpicians),289270723,262498369,551769092,914
278280,1805,Settlers (Sold by Sulpicians),289549003,262220089,551769092,915
248854,1805,Settlers (Sold by Sulpicians),289797857,261971235,551769092,916
232293,1805,Settlers (Sold by Sulpicians),290030150,261738942,551769092,917
233290,1805,Settlers (Sold by Sulpicians),290263440,261505652,551769092,918
280503,1805,Settlers (Sold by Sulpicians),290543943,261225149,551769092,919
258858,1805,Settlers (Sold by Sulpicians),290802801,260966291,551769092,920
249935,1805,Settlers (Sold by Sulpicians),291052736,260716356,551769092,921
447659,1805,Settlers (Sold by Sulpicians),291500395,260268697,551769092,922
265142,1805,Settlers (Sold by Sulpicians),291765537,260003555,551769092,923
301007,1805,Settlers (Sold by Sulpicians),292066544,259702548,551769092,924
269757,1805,Settlers (Sold by Sulpicians),292336301,259432791,551769092,925
277017,1805,Settlers (Sold by Sulpicians),292613318,259155774,551769092,926
346363,1805,Settlers (Sold by Sulpicians),292959681,258809411,551769092,927
248223,1806,Settlers (Sold by Sulpicians),293207904,258561188,551769092,928
259185,1806,Settlers (Sold by Sulpicians),293467089,258302003,551769092,929
286979,1806,Settlers (Sold by Sulpicians),293754068,258015024,551769092,930
251817,1806,Settlers (Sold by Sulpicians),294005885,257763207,551769092,931
268440,1809,Settlers (Sold by Sulpicians),294274325,257494767,551769092,932
253993,1809,Settlers (Sold by Sulpicians),294528318,257240774,551769092,933
354677,1809,Settlers (Sold by Sulpicians),294882995,256886097,551769092,934
354711,1810,Settlers (Sold by Sulpicians),295237706,256531386,551769092,935
370366,1810,Settlers (Sold by Sulpicians),295608072,256161020,551769092,936
373560,1810,Settlers (Sold by Sulpicians),295981632,255787460,551769092,937
287196,1810,Settlers (Sold by Sulpicians),296268828,255500264,551769092,938
312600,1810,Settlers (Sold by Sulpicians),296581428,255187664,551769092,939
235365,1810,Settlers (Sold by Sulpicians),296816793,254952299,551769092,940
274625,1810,Settlers (Sold by Sulpicians),297091418,254677674,551769092,941
47838,1810,Settlers (Sold by Sulpicians),297139256,254629836,551769092,942
48918,1810,Settlers (Sold by Sulpicians),297188174,254580918,551769092,943
31191,1810,Settlers (Sold by Sulpicians),297219365,254549727,551769092,944
37321,1810,Settlers (Sold by Sulpicians),297256686,254512406,551769092,945
43890,1810,Settlers (Sold by Sulpicians),297300576,254468516,551769092,946
37743,1810,Settlers (Sold by Sulpicians),297338319,254430773,551769092,947
32265,1810,Settlers (Sold by Sulpicians),297370584,254398508,551769092,948
389797,1812,Settlers (Sold by Sulpicians),297760381,254008711,551769092,949
206549,1812,Settlers (Sold by Sulpicians),297966930,253802162,551769092,950
319432,1812,Settlers (Sold by Sulpicians),298286362,253482730,551769092,951
327661,1812,Settlers (Sold by Sulpicians),298614023,253155069,551769092,952
253105,1815,Settlers (Sold by Sulpicians),298867128,252901964,551769092,953
273840,1815,Settlers (Sold by Sulpicians),299140968,252628124,551769092,954
57836,1818,Settlers (Sold by Sulpicians),299198804,252570288,551769092,955
418388,1819,Settlers (Sold by Sulpicians),299617192,252151900,551769092,956
261354,1819,Settlers (Sold by Sulpicians),299878546,251890546,551769092,957
284975,1821,Settlers (Sold by Sulpicians),300163521,251605571,551769092,958
302827,1821,Settlers (Sold by Sulpicians),300466348,251302744,551769092,959
430752,1821,Settlers (Sold by Sulpicians),300897100,250871992,551769092,960
313838,1821,Settlers (Sold by Sulpicians),301210938,250558154,551769092,961
364266,1821,Settlers (Sold by Sulpicians),301575204,250193888,551769092,962
323792,1821,Settlers (Sold by Sulpicians),301898996,249870096,551769092,963
376200,1821,Settlers (Sold by Sulpicians),302275196,249493896,551769092,964
411863,1821,Settlers (Sold by Sulpicians),302687059,249082033,551769092,965
388799,1821,Settlers (Sold by Sulpicians),303075858,248693234,551769092,966
339994,1821,Settlers (Sold by Sulpicians),303415852,248353240,551769092,967
279931,1821,Settlers (Sold by Sulpicians),303695783,248073309,551769092,968
562678,1821,Settlers (Sold by Sulpicians),304258461,247510631,551769092,969
461936,1821,Settlers (Sold by Sulpicians),304720397,247048695,551769092,970
350881,1822,Settlers (Sold by Sulpicians),305071278,246697814,551769092,971
415777,1822,Settlers (Sold by Sulpicians),305487055,246282037,551769092,972
431919,1822,Settlers (Sold by Sulpicians),305918974,245850118,551769092,973
405972,1822,Settlers (Sold by Sulpicians),306324946,245444146,551769092,974
397329,1822,Settlers (Sold by Sulpicians),306722275,245046817,551769092,975
394772,1822,Settlers (Sold by Sulpicians),307117047,244652045,551769092,976
280232,1822,Settlers (Sold by Sulpicians),307397279,244371813,551769092,977
248479,1822,Settlers (Sold by Sulpicians),307645758,244123334,551769092,978
234062,1822,Settlers (Sold by Sulpicians),307879820,243889272,551769092,979
273032,1822,Settlers (Sold by Sulpicians),308152852,243616240,551769092,980
276409,1822,Settlers (Sold by Sulpicians),308429261,243339831,551769092,981
263227,1822,Settlers (Sold by Sulpicians),308692488,243076604,551769092,982
266283,1822,Settlers (Sold by Sulpicians),308958771,242810321,551769092,983
242913,1822,Settlers (Sold by Sulpicians),309201684,242567408,551769092,984
315450,1822,Settlers (Sold by Sulpicians),309517134,242251958,551769092,985
482845,1822,Settlers (Sold by Sulpicians),309999979,241769113,551769092,986
364979,1822,Settlers (Sold by Sulpicians),310364958,241404134,551769092,987
580535,1822,Settlers (Sold by Sulpicians),310945493,240823599,551769092,988
489005,1822,Settlers (Sold by Sulpicians),311434498,240334594,551769092,989
361126,1822,Settlers (Sold by Sulpicians),311795624,239973468,551769092,990
338954,1822,Settlers (Sold by Sulpicians),312134578,239634514,551769092,991
276906,1822,Settlers (Sold by Sulpicians),312411484,239357608,551769092,992
290157,1822,Settlers (Sold by Sulpicians),312701641,239067451,551769092,993
204258,1822,Settlers (Sold by Sulpicians),312905899,238863193,551769092,994
465498,1822,Settlers (Sold by Sulpicians),313371397,238397695,551769092,995
444086,1822,Settlers (Sold by Sulpicians),313815483,237953609,551769092,996
466297,1822,Settlers (Sold by Sulpicians),314281780,237487312,551769092,997
332632,1822,Settlers (Sold by Sulpicians),314614412,237154680,551769092,998
506303,1822,Settlers (Sold by Sulpicians),315120715,236648377,551769092,999
377582,1822,Settlers (Sold by Sulpicians),315498297,236270795,551769092,1000
381352,1822,Settlers (Sold by Sulpicians),315879649,235889443,551769092,1001
296026,1822,Settlers (Sold by Sulpicians),316175675,235593417,551769092,1002
302714,1822,Settlers (Sold by Sulpicians),316478389,235290703,551769092,1003
265482,1822,Settlers (Sold by Sulpicians),316743871,235025221,551769092,1004
267762,1822,Settlers (Sold by Sulpicians),317011633,234757459,551769092,1005
296076,1822,Settlers (Sold by Sulpicians),317307709,234461383,551769092,1006
291387,1822,Settlers (Sold by Sulpicians),317599096,234169996,551769092,1007
251103,1822,Settlers (Sold by Sulpicians),317850199,233918893,551769092,1008
550714,1822,Settlers (Sold by Sulpicians),318400913,233368179,551769092,1009
396378,1822,Settlers (Sold by Sulpicians),318797291,232971801,551769092,1010
328206,1822,Settlers (Sold by Sulpicians),319125497,232643595,551769092,1011
349828,1822,Settlers (Sold by Sulpicians),319475325,232293767,551769092,1012
333521,1822,Settlers (Sold by Sulpicians),319808846,231960246,551769092,1013
305077,1822,Settlers (Sold by Sulpicians),320113923,231655169,551769092,1014
324700,1822,Settlers (Sold by Sulpicians),320438623,231330469,551769092,1015
379514,1822,Settlers (Sold by Sulpicians),320818137,230950955,551769092,1016
382499,1822,Settlers (Sold by Sulpicians),321200636,230568456,551769092,1017
369327,1822,Settlers (Sold by Sulpicians),321569963,230199129,551769092,1018
520080,1822,Settlers (Sold by Sulpicians),322090043,229679049,551769092,1019
449791,1822,Settlers (Sold by Sulpicians),322539834,229229258,551769092,1020
522068,1822,Settlers (Sold by Sulpicians),323061902,228707190,551769092,1021
402165,1822,Settlers (Sold by Sulpicians),323464067,228305025,551769092,1022
559409,1822,Settlers (Sold by Sulpicians),324023476,227745616,551769092,1023
477190,1822,Settlers (Sold by Sulpicians),324500666,227268426,551769092,1024
583128,1822,Settlers (Sold by Sulpicians),325083794,226685298,551769092,1025
499900,1822,Settlers (Sold by Sulpicians),325583694,226185398,551769092,1026
541102,1822,Settlers (Sold by Sulpicians),326124796,225644296,551769092,1027
530917,1822,Settlers (Sold by Sulpicians),326655713,225113379,551769092,1028
506445,1822,Settlers (Sold by Sulpicians),327162158,224606934,551769092,1029
456227,1822,Settlers (Sold by Sulpicians),327618385,224150707,551769092,1030
509104,1822,Settlers (Sold by Sulpicians),328127489,223641603,551769092,1031
464213,1822,Settlers (Sold by Sulpicians),328591702,223177390,551769092,1032
537954,1822,Settlers (Sold by Sulpicians),329129656,222639436,551769092,1033
514241,1822,Settlers (Sold by Sulpicians),329643897,222125195,551769092,1034
495436,1822,Settlers (Sold by Sulpicians),330139333,221629759,551769092,1035
348551,1822,Settlers (Sold by Sulpicians),330487884,221281208,551769092,1036
363793,1822,Settlers (Sold by Sulpicians),330851677,220917415,551769092,1037
339245,1822,Settlers (Sold by Sulpicians),331190922,220578170,551769092,1038
313417,1822,Settlers (Sold by Sulpicians),331504339,220264753,551769092,1039
405006,1822,Settlers (Sold by Sulpicians),331909345,219859747,551769092,1040
334186,1822,Settlers (Sold by Sulpicians),332243531,219525561,551769092,1041
304943,1822,Settlers (Sold by Sulpicians),332548474,219220618,551769092,1042
307642,1822,Settlers (Sold by Sulpicians),332856116,218912976,551769092,1043
394220,1822,Settlers (Sold by Sulpicians),333250336,218518756,551769092,1044
392570,1822,Settlers (Sold by Sulpicians),333642906,218126186,551769092,1045
237834,1822,Settlers (Sold by Sulpicians),333880740,217888352,551769092,1046
228109,1822,Settlers (Sold by Sulpicians),334108849,217660243,551769092,1047
262022,1822,Settlers (Sold by Sulpicians),334370871,217398221,551769092,1048
242856,1822,Settlers (Sold by Sulpicians),334613727,217155365,551769092,1049
362790,1822,Settlers (Sold by Sulpicians),334976517,216792575,551769092,1050
267019,1822,Settlers (Sold by Sulpicians),335243536,216525556,551769092,1051
322884,1822,Settlers (Sold by Sulpicians),335566420,216202672,551769092,1052
414056,1823,Settlers (Sold by Sulpicians),335980476,215788616,551769092,1053
364788,1823,Settlers (Sold by Sulpicians),336345264,215423828,551769092,1054
380422,1823,Settlers (Sold by Sulpicians),336725686,215043406,551769092,1055
372524,1823,Settlers (Sold by Sulpicians),337098210,214670882,551769092,1056
276198,1823,Settlers (Sold by Sulpicians),337374408,214394684,551769092,1057
236246,1823,Settlers (Sold by Sulpicians),337610654,214158438,551769092,1058
476299,1823,Settlers (Sold by Sulpicians),338086953,213682139,551769092,1059
419745,1824,Settlers (Sold by Sulpicians),338506698,213262394,551769092,1060
345668,1824,Settlers (Sold by Sulpicians),338852366,212916726,551769092,1061
467944,1825,Settlers (Sold by Sulpicians),339320310,212448782,551769092,1062
466170,1825,Settlers (Sold by Sulpicians),339786480,211982612,551769092,1063
377987,1825,Settlers (Sold by Sulpicians),340164467,211604625,551769092,1064
432586,1825,Settlers (Sold by Sulpicians),340597053,211172039,551769092,1065
410558,1825,Settlers (Sold by Sulpicians),341007611,210761481,551769092,1066
367670,1825,Settlers (Sold by Sulpicians),341375281,210393811,551769092,1067
319207,1825,Settlers (Sold by Sulpicians),341694488,210074604,551769092,1068
288391,1825,Settlers (Sold by Sulpicians),341982879,209786213,551769092,1069
364255,1825,Settlers (Sold by Sulpicians),342347134,209421958,551769092,1070
355237,1825,Settlers (Sold by Sulpicians),342702371,209066721,551769092,1071
298677,1825,Settlers (Sold by Sulpicians),343001048,208768044,551769092,1072
272297,1825,Settlers (Sold by Sulpicians),343273345,208495747,551769092,1073
358548,1825,Settlers (Sold by Sulpicians),343631893,208137199,551769092,1074
557262,1825,Settlers (Sold by Sulpicians),344189155,207579937,551769092,1075
469885,1825,Settlers (Sold by Sulpicians),344659040,207110052,551769092,1076
272314,1825,Settlers (Sold by Sulpicians),344931354,206837738,551769092,1077
412398,1825,Settlers (Sold by Sulpicians),345343752,206425340,551769092,1078
303574,1825,Settlers (Sold by Sulpicians),345647326,206121766,551769092,1079
389388,1825,Settlers (Sold by Sulpicians),346036714,205732378,551769092,1080
328783,1825,Settlers (Sold by Sulpicians),346365497,205403595,551769092,1081
327574,1825,Settlers (Sold by Sulpicians),346693071,205076021,551769092,1082
277141,1825,Settlers (Sold by Sulpicians),346970212,204798880,551769092,1083
325617,1825,Settlers (Sold by Sulpicians),347295829,204473263,551769092,1084
388295,1825,Settlers (Sold by Sulpicians),347684124,204084968,551769092,1085
356753,1825,Settlers (Sold by Sulpicians),348040877,203728215,551769092,1086
309358,1825,Settlers (Sold by Sulpicians),348350235,203418857,551769092,1087
280982,1825,Settlers (Sold by Sulpicians),348631217,203137875,551769092,1088
346178,1825,Settlers (Sold by Sulpicians),348977395,202791697,551769092,1089
321970,1825,Settlers (Sold by Sulpicians),349299365,202469727,551769092,1090
314561,1825,Settlers (Sold by Sulpicians),349613926,202155166,551769092,1091
307425,1825,Settlers (Sold by Sulpicians),349921351,201847741,551769092,1092
276483,1825,Settlers (Sold by Sulpicians),350197834,201571258,551769092,1093
368818,1825,Settlers (Sold by Sulpicians),350566652,201202440,551769092,1094
317799,1825,Settlers (Sold by Sulpicians),350884451,200884641,551769092,1095
285130,1825,Settlers (Sold by Sulpicians),351169581,200599511,551769092,1096
304686,1825,Settlers (Sold by Sulpicians),351474267,200294825,551769092,1097
341588,1825,Settlers (Sold by Sulpicians),351815855,199953237,551769092,1098
244796,1825,Settlers (Sold by Sulpicians),352060651,199708441,551769092,1099
327110,1825,Settlers (Sold by Sulpicians),352387761,199381331,551769092,1100
217791,1825,Settlers (Sold by Sulpicians),352605552,199163540,551769092,1101
253921,1825,Settlers (Sold by Sulpicians),352859473,198909619,551769092,1102
304952,1825,Settlers (Sold by Sulpicians),353164425,198604667,551769092,1103
141800,1825,Settlers (Sold by Sulpicians),353306225,198462867,551769092,1104
256558,1825,Settlers (Sold by Sulpicians),353562783,198206309,551769092,1105
295663,1825,Settlers (Sold by Sulpicians),353858446,197910646,551769092,1106
295409,1825,Settlers (Sold by Sulpicians),354153855,197615237,551769092,1107
263009,1825,Settlers (Sold by Sulpicians),354416864,197352228,551769092,1108
257226,1825,Settlers (Sold by Sulpicians),354674090,197095002,551769092,1109
263902,1825,Settlers (Sold by Sulpicians),354937992,196831100,551769092,1110
247799,1825,Settlers (Sold by Sulpicians),355185791,196583301,551769092,1111
247846,1825,Settlers (Sold by Sulpicians),355433637,196335455,551769092,1112
265308,1825,Settlers (Sold by Sulpicians),355698945,196070147,551769092,1113
250237,1825,Settlers (Sold by Sulpicians),355949182,195819910,551769092,1114
249512,1825,Settlers (Sold by Sulpicians),356198694,195570398,551769092,1115
278530,1825,Settlers (Sold by Sulpicians),356477224,195291868,551769092,1116
513994,1825,Settlers (Sold by Sulpicians),356991218,194777874,551769092,1117
293628,1826,Settlers (Sold by Sulpicians),357284846,194484246,551769092,1118
292669,1826,Settlers (Sold by Sulpicians),357577515,194191577,551769092,1119
218013,1826,Settlers (Sold by Sulpicians),357795528,193973564,551769092,1120
307764,1826,Settlers (Sold by Sulpicians),358103292,193665800,551769092,1121
435187,1826,Settlers (Sold by Sulpicians),358538479,193230613,551769092,1122
283296,1826,Settlers (Sold by Sulpicians),358821775,192947317,551769092,1123
347480,1826,Settlers (Sold by Sulpicians),359169255,192599837,551769092,1124
265406,1826,Settlers (Sold by Sulpicians),359434661,192334431,551769092,1125
301668,1826,Settlers (Sold by Sulpicians),359736329,192032763,551769092,1126
377558,1826,Settlers (Sold by Sulpicians),360113887,191655205,551769092,1127
244539,1826,Settlers (Sold by Sulpicians),360358426,191410666,551769092,1128
316999,1826,Settlers (Sold by Sulpicians),360675425,191093667,551769092,1129
325893,1826,Settlers (Sold by Sulpicians),361001318,190767774,551769092,1130
587014,1826,Settlers (Sold by Sulpicians),361588332,190180760,551769092,1131
444256,1826,Settlers (Sold by Sulpicians),362032588,189736504,551769092,1132
316016,1826,Settlers (Sold by Sulpicians),362348604,189420488,551769092,1133
333705,1826,Settlers (Sold by Sulpicians),362682309,189086783,551769092,1134
320145,1826,Settlers (Sold by Sulpicians),363002454,188766638,551769092,1135
289830,1826,Settlers (Sold by Sulpicians),363292284,188476808,551769092,1136
319400,1826,Settlers (Sold by Sulpicians),363611684,188157408,551769092,1137
322748,1826,Settlers (Sold by Sulpicians),363934432,187834660,551769092,1138
312178,1826,Settlers (Sold by Sulpicians),364246610,187522482,551769092,1139
358903,1826,Settlers (Sold by Sulpicians),364605513,187163579,551769092,1140
376592,1826,Settlers (Sold by Sulpicians),364982105,186786987,551769092,1141
313429,1826,Settlers (Sold by Sulpicians),365295534,186473558,551769092,1142
357555,1826,Settlers (Sold by Sulpicians),365653089,186116003,551769092,1143
369450,1826,Settlers (Sold by Sulpicians),366022539,185746553,551769092,1144
369979,1826,Settlers (Sold by Sulpicians),366392518,185376574,551769092,1145
370807,1826,Settlers (Sold by Sulpicians),366763325,185005767,551769092,1146
452834,1826,Settlers (Sold by Sulpicians),367216159,184552933,551769092,1147
445205,1826,Settlers (Sold by Sulpicians),367661364,184107728,551769092,1148
271762,1826,Settlers (Sold by Sulpicians),367933126,183835966,551769092,1149
336556,1826,Settlers (Sold by Sulpicians),368269682,183499410,551769092,1150
278273,1826,Settlers (Sold by Sulpicians),368547955,183221137,551769092,1151
278176,1826,Settlers (Sold by Sulpicians),368826131,182942961,551769092,1152
232025,1826,Settlers (Sold by Sulpicians),369058156,182710936,551769092,1153
206569,1826,Settlers (Sold by Sulpicians),369264725,182504367,551769092,1154
273505,1826,Settlers (Sold by Sulpicians),369538230,182230862,551769092,1155
315724,1826,Settlers (Sold by Sulpicians),369853954,181915138,551769092,1156
332667,1826,Settlers (Sold by Sulpicians),370186621,181582471,551769092,1157
331017,1826,Settlers (Sold by Sulpicians),370517638,181251454,551769092,1158
284204,1826,Settlers (Sold by Sulpicians),370801842,180967250,551769092,1159
337557,1826,Settlers (Sold by Sulpicians),371139399,180629693,551769092,1160
319979,1826,Settlers (Sold by Sulpicians),371459378,180309714,551769092,1161
156431,1826,Settlers (Sold by Sulpicians),371615809,180153283,551769092,1162
246422,1826,Settlers (Sold by Sulpicians),371862231,179906861,551769092,1163
246339,1826,Settlers (Sold by Sulpicians),372108570,179660522,551769092,1164
183727,1826,Settlers (Sold by Sulpicians),372292297,179476795,551769092,1165
280316,1826,Settlers (Sold by Sulpicians),372572613,179196479,551769092,1166
362197,1826,Settlers (Sold by Sulpicians),372934810,178834282,551769092,1167
464235,1826,Settlers (Sold by Sulpicians),373399045,178370047,551769092,1168
476992,1826,Settlers (Sold by Sulpicians),373876037,177893055,551769092,1169
354485,1826,Settlers (Sold by Sulpicians),374230522,177538570,551769092,1170
398312,1826,Settlers (Sold by Sulpicians),374628834,177140258,551769092,1171
314654,1826,Settlers (Sold by Sulpicians),374943488,176825604,551769092,1172
396141,1826,Settlers (Sold by Sulpicians),375339629,176429463,551769092,1173
348025,1826,Settlers (Sold by Sulpicians),375687654,176081438,551769092,1174
355087,1826,Settlers (Sold by Sulpicians),376042741,175726351,551769092,1175
325198,1826,Settlers (Sold by Sulpicians),376367939,175401153,551769092,1176
259128,1826,Settlers (Sold by Sulpicians),376627067,175142025,551769092,1177
327321,1826,Settlers (Sold by Sulpicians),376954388,174814704,551769092,1178
470951,1826,Settlers (Sold by Sulpicians),377425339,174343753,551769092,1179
311510,1826,Settlers (Sold by Sulpicians),377736849,174032243,551769092,1180
517136,1826,Settlers (Sold by Sulpicians),378253985,173515107,551769092,1181
442738,1826,Settlers (Sold by Sulpicians),378696723,173072369,551769092,1182
298240,1826,Settlers (Sold by Sulpicians),378994963,172774129,551769092,1183
337434,1826,Settlers (Sold by Sulpicians),379332397,172436695,551769092,1184
424975,1826,Settlers (Sold by Sulpicians),379757372,172011720,551769092,1185
390994,1826,Settlers (Sold by Sulpicians),380148366,171620726,551769092,1186
382305,1826,Settlers (Sold by Sulpicians),380530671,171238421,551769092,1187
425644,1826,Settlers (Sold by Sulpicians),380956315,170812777,551769092,1188
292865,1826,Settlers (Sold by Sulpicians),381249180,170519912,551769092,1189
346133,1826,Settlers (Sold by Sulpicians),381595313,170173779,551769092,1190
371191,1826,Settlers (Sold by Sulpicians),381966504,169802588,551769092,1191
357218,1826,Settlers (Sold by Sulpicians),382323722,169445370,551769092,1192
380269,1826,Settlers (Sold by Sulpicians),382703991,169065101,551769092,1193
341106,1826,Settlers (Sold by Sulpicians),383045097,168723995,551769092,1194
359204,1826,Settlers (Sold by Sulpicians),383404301,168364791,551769092,1195
319998,1826,Settlers (Sold by Sulpicians),383724299,168044793,551769092,1196
342035,1826,Settlers (Sold by Sulpicians),384066334,167702758,551769092,1197
287927,1826,Settlers (Sold by Sulpicians),384354261,167414831,551769092,1198
304583,1826,Settlers (Sold by Sulpicians),384658844,167110248,551769092,1199
651699,1826,Settlers (Sold by Sulpicians),385310543,166458549,551769092,1200
344070,1826,Settlers (Sold by Sulpicians),385654613,166114479,551769092,1201
364883,1826,Settlers (Sold by Sulpicians),386019496,165749596,551769092,1202
310318,1826,Settlers (Sold by Sulpicians),386329814,165439278,551769092,1203
310780,1826,Settlers (Sold by Sulpicians),386640594,165128498,551769092,1204
318407,1826,Settlers (Sold by Sulpicians),386959001,164810091,551769092,1205
285488,1826,Settlers (Sold by Sulpicians),387244489,164524603,551769092,1206
269333,1826,Settlers (Sold by Sulpicians),387513822,164255270,551769092,1207
282115,1826,Settlers (Sold by Sulpicians),387795937,163973155,551769092,1208
268954,1826,Settlers (Sold by Sulpicians),388064891,163704201,551769092,1209
264072,1826,Settlers (Sold by Sulpicians),388328963,163440129,551769092,1210
303050,1826,Settlers (Sold by Sulpicians),388632013,163137079,551769092,1211
264240,1826,Settlers (Sold by Sulpicians),388896253,162872839,551769092,1212
264378,1826,Settlers (Sold by Sulpicians),389160631,162608461,551769092,1213
248559,1826,Settlers (Sold by Sulpicians),389409190,162359902,551769092,1214
278403,1826,Settlers (Sold by Sulpicians),389687593,162081499,551769092,1215
287832,1826,Settlers (Sold by Sulpicians),389975425,161793667,551769092,1216
266172,1826,Settlers (Sold by Sulpicians),390241597,161527495,551769092,1217
250058,1826,Settlers (Sold by Sulpicians),390491655,161277437,551769092,1218
270305,1826,Settlers (Sold by Sulpicians),390761960,161007132,551769092,1219
306684,1826,Settlers (Sold by Sulpicians),391068644,160700448,551769092,1220
229992,1826,Settlers (Sold by Sulpicians),391298636,160470456,551769092,1221
257341,1826,Settlers (Sold by Sulpicians),391555977,160213115,551769092,1222
251427,1826,Settlers (Sold by Sulpicians),391807404,159961688,551769092,1223
300381,1826,Settlers (Sold by Sulpicians),392107785,159661307,551769092,1224
270233,1826,Settlers (Sold by Sulpicians),392378018,159391074,551769092,1225
294140,1826,Settlers (Sold by Sulpicians),392672158,159096934,551769092,1226
303312,1826,Settlers (Sold by Sulpicians),392975470,158793622,551769092,1227
294738,1826,Settlers (Sold by Sulpicians),393270208,158498884,551769092,1228
293336,1826,Settlers (Sold by Sulpicians),393563544,158205548,551769092,1229
322846,1826,Settlers (Sold by Sulpicians),393886390,157882702,551769092,1230
296551,1826,Settlers (Sold by Sulpicians),394182941,157586151,551769092,1231
279353,1826,Settlers (Sold by Sulpicians),394462294,157306798,551769092,1232
278532,1826,Settlers (Sold by Sulpicians),394740826,157028266,551769092,1233
280085,1826,Settlers (Sold by Sulpicians),395020911,156748181,551769092,1234
400000,1826,Settlers (Sold by Sulpicians),395420911,156348181,551769092,1235
311985,1826,Settlers (Sold by Sulpicians),395732896,156036196,551769092,1236
333469,1826,Settlers (Sold by Sulpicians),396066365,155702727,551769092,1237
3018621,1826,Settlers (Sold by Sulpicians),399084986,152684106,551769092,1238
352168,1826,Settlers (Sold by Sulpicians),399437154,152331938,551769092,1239
382733,1826,Settlers (Sold by Sulpicians),399819887,151949205,551769092,1240
204046,1826,Settlers (Sold by Sulpicians),400023933,151745159,551769092,1241
280377,1826,Settlers (Sold by Sulpicians),400304310,151464782,551769092,1242
344682,1826,Settlers (Sold by Sulpicians),400648992,151120100,551769092,1243
261715,1826,Settlers (Sold by Sulpicians),400910707,150858385,551769092,1244
274550,1826,Settlers (Sold by Sulpicians),401185257,150583835,551769092,1245
235592,1826,Settlers (Sold by Sulpicians),401420849,150348243,551769092,1246
284266,1826,Settlers (Sold by Sulpicians),401705115,150063977,551769092,1247
590853,1826,Settlers (Sold by Sulpicians),402295968,149473124,551769092,1248
438235,1827,Settlers (Sold by Sulpicians),402734203,149034889,551769092,1249
175559,1827,Settlers (Sold by Sulpicians),402909762,148859330,551769092,1250
240550,1827,Settlers (Sold by Sulpicians),403150312,148618780,551769092,1251
261349,1827,Settlers (Sold by Sulpicians),403411661,148357431,551769092,1252
210281,1827,Settlers (Sold by Sulpicians),403621942,148147150,551769092,1253
270118,1827,Settlers (Sold by Sulpicians),403892060,147877032,551769092,1254
162120,1827,Settlers (Sold by Sulpicians),404054180,147714912,551769092,1255
330425,1827,Settlers (Sold by Sulpicians),404384605,147384487,551769092,1256
349294,1827,Settlers (Sold by Sulpicians),404733899,147035193,551769092,1257
445977,1827,Settlers (Sold by Sulpicians),405179876,146589216,551769092,1258
411625,1827,Settlers (Sold by Sulpicians),405591501,146177591,551769092,1259
344396,1827,Settlers (Sold by Sulpicians),405935897,145833195,551769092,1260
328386,1827,Settlers (Sold by Sulpicians),406264283,145504809,551769092,1261
291212,1827,Settlers (Sold by Sulpicians),406555495,145213597,551769092,1262
483695,1827,Settlers (Sold by Sulpicians),407039190,144729902,551769092,1263
279784,1827,Settlers (Sold by Sulpicians),407318974,144450118,551769092,1264
515355,1827,Settlers (Sold by Sulpicians),407834329,143934763,551769092,1265
305419,1827,Settlers (Sold by Sulpicians),408139748,143629344,551769092,1266
78567,1827,Settlers (Sold by Sulpicians),408218315,143550777,551769092,1267
166472,1828,Settlers (Sold by Sulpicians),408384787,143384305,551769092,1268
284351,1828,Settlers (Sold by Sulpicians),408669138,143099954,551769092,1269
193432,1828,Settlers (Sold by Sulpicians),408862570,142906522,551769092,1270
278916,1828,Settlers (Sold by Sulpicians),409141486,142627606,551769092,1271
305179,1828,Settlers (Sold by Sulpicians),409446665,142322427,551769092,1272
366294,1828,Settlers (Sold by Sulpicians),409812959,141956133,551769092,1273
154078,1829,Settlers (Sold by Sulpicians),409967037,141802055,551769092,1274
148389,1829,Settlers (Sold by Sulpicians),410115426,141653666,551769092,1275
325299,1829,Settlers (Sold by Sulpicians),410440725,141328367,551769092,1276
356750,1829,Settlers (Sold by Sulpicians),410797475,140971617,551769092,1277
445723,1829,Settlers (Sold by Sulpicians),411243198,140525894,551769092,1278
281246,1829,Settlers (Sold by Sulpicians),411524444,140244648,551769092,1279
261526,1829,Settlers (Sold by Sulpicians),411785970,139983122,551769092,1280
181247,1830,Settlers (Sold by Sulpicians),411967217,139801875,551769092,1281
444782,1833,Settlers (Sold by Sulpicians),412411999,139357093,551769092,1282
266167,1833,Settlers (Sold by Sulpicians),412678166,139090926,551769092,1283
252662,1833,Settlers (Sold by Sulpicians),412930828,138838264,551769092,1284
278653,1833,Settlers (Sold by Sulpicians),413209481,138559611,551769092,1285
200349,1833,Settlers (Sold by Sulpicians),413409830,138359262,551769092,1286
144164,1833,Settlers (Sold by Sulpicians),413553994,138215098,551769092,1287
146099,1835,Settlers (Sold by Sulpicians),413700093,138068999,551769092,1288
162798,1835,Settlers (Sold by Sulpicians),413862891,137906201,551769092,1289
396697,1837,Settlers (Sold by Sulpicians),414259588,137509504,551769092,1290
294355,1845,Settlers (Sold by Sulpicians),414553943,137215149,551769092,1291
427744,1847,Settlers (Sold by Sulpicians),414981687,136787405,551769092,1292
71835,1853,Settlers (Sold by Sulpicians),415053522,136715570,551769092,1293
143000,1856,Settlers (Sold by Sulpicians),415196522,136572570,551769092,1294
338113,1856,Settlers (Sold by Sulpicians),415534635,136234457,551769092,1295
297976,1857,Settlers (Sold by Sulpicians),415832611,135936481,551769092,1296
274643,1857,Settlers (Sold by Sulpicians),416107254,135661838,551769092,1297
357979,1857,Settlers (Sold by Sulpicians),416465233,135303859,551769092,1298
208883,1857,Settlers (Sold by Sulpicians),416674116,135094976,551769092,1299
234713,1857,Settlers (Sold by Sulpicians),416908829,134860263,551769092,1300
202020,1857,Settlers (Sold by Sulpicians),417110849,134658243,551769092,1301
223504,1857,Settlers (Sold by Sulpicians),417334353,134434739,551769092,1302
292378,1857,Settlers (Sold by Sulpicians),417626731,134142361,551769092,1303
212689,1857,Settlers (Sold by Sulpicians),417839420,133929672,551769092,1304
370125,1857,Settlers (Sold by Sulpicians),418209545,133559547,551769092,1305
285709,1857,Settlers (Sold by Sulpicians),418495254,133273838,551769092,1306
330937,1858,Settlers (Sold by Sulpicians),418826191,132942901,551769092,1307
720167,1858,Settlers (Sold by Sulpicians),419546358,132222734,551769092,1308
459175,1860,Settlers (Sold by Sulpicians),420005533,131763559,551769092,1309
307131,1860,Settlers (Sold by Sulpicians),420312664,131456428,551769092,1310
335197,1861,Settlers (Sold by Sulpicians),420647861,131121231,551769092,1311
357504,1861,Settlers (Sold by Sulpicians),421005365,130763727,551769092,1312
325555,1861,Settlers (Sold by Sulpicians),421330920,130438172,551769092,1313
248085,1861,Settlers (Sold by Sulpicians),421579005,130190087,551769092,1314
251702,1861,Settlers (Sold by Sulpicians),421830707,129938385,551769092,1315
476353,1861,Settlers (Sold by Sulpicians),422307060,129462032,551769092,1316
446268,1861,Settlers (Sold by Sulpicians),422753328,129015764,551769092,1317
389894,1861,Settlers (Sold by Sulpicians),423143222,128625870,551769092,1318
419581,1861,Settlers (Sold by Sulpicians),423562803,128206289,551769092,1319
239782,1861,Settlers (Sold by Sulpicians),423802585,127966507,551769092,1320
364141,1861,Settlers (Sold by Sulpicians),424166726,127602366,551769092,1321
544738,1861,Settlers (Sold by Sulpicians),424711464,127057628,551769092,1322
379009,1861,Settlers (Sold by Sulpicians),425090473,126678619,551769092,1323
333286,1861,Settlers (Sold by Sulpicians),425423759,126345333,551769092,1324
324024,1861,Settlers (Sold by Sulpicians),425747783,126021309,551769092,1325
324314,1861,Settlers (Sold by Sulpicians),426072097,125696995,551769092,1326
359203,1861,Settlers (Sold by Sulpicians),426431300,125337792,551769092,1327
279359,1861,Settlers (Sold by Sulpicians),426710659,125058433,551769092,1328
248687,1861,Settlers (Sold by Sulpicians),426959346,124809746,551769092,1329
339745,1861,Settlers (Sold by Sulpicians),427299091,124470001,551769092,1330
256203,1861,Settlers (Sold by Sulpicians),427555294,124213798,551769092,1331
302255,1861,Settlers (Sold by Sulpicians),427857549,123911543,551769092,1332
336398,1861,Settlers (Sold by Sulpicians),428193947,123575145,551769092,1333
261058,1861,Settlers (Sold by Sulpicians),428455005,123314087,551769092,1334
239972,1861,Settlers (Sold by Sulpicians),428694977,123074115,551769092,1335
280263,1861,Settlers (Sold by Sulpicians),428975240,122793852,551769092,1336
392863,1861,Settlers (Sold by Sulpicians),429368103,122400989,551769092,1337
335847,1861,Settlers (Sold by Sulpicians),429703950,122065142,551769092,1338
409464,1861,Settlers (Sold by Sulpicians),430113414,121655678,551769092,1339
258462,1861,Settlers (Sold by Sulpicians),430371876,121397216,551769092,1340
316989,1861,Settlers (Sold by Sulpicians),430688865,121080227,551769092,1341
505309,1861,Settlers (Sold by Sulpicians),431194174,120574918,551769092,1342
289415,1863,Settlers (Sold by Sulpicians),431483589,120285503,551769092,1343
235852,1863,Settlers (Sold by Sulpicians),431719441,120049651,551769092,1344
203508,1863,Settlers (Sold by Sulpicians),431922949,119846143,551769092,1345
367064,1865,Settlers (Sold by Sulpicians),432290013,119479079,551769092,1346
143989,1865,Settlers (Sold by Sulpicians),432434002,119335090,551769092,1347
588616,1866,Settlers (Sold by Sulpicians),433022618,118746474,551769092,1348
315161,1866,Settlers (Sold by Sulpicians),433337779,118431313,551769092,1349
251932,1866,Settlers (Sold by Sulpicians),433589711,118179381,551769092,1350
253404,1866,Settlers (Sold by Sulpicians),433843115,117925977,551769092,1351
226493,1866,Settlers (Sold by Sulpicians),434069608,117699484,551769092,1352
276696,1866,Settlers (Sold by Sulpicians),434346304,117422788,551769092,1353
246129,1866,Settlers (Sold by Sulpicians),434592433,117176659,551769092,1354
332329,1867,Settlers (Sold by Sulpicians),434924762,116844330,551769092,1355
275656,1867,Settlers (Sold by Sulpicians),435200418,116568674,551769092,1356
255826,1868,Settlers (Sold by Sulpicians),435456244,116312848,551769092,1357
234127,1868,Settlers (Sold by Sulpicians),435690371,116078721,551769092,1358
239350,1868,Settlers (Sold by Sulpicians),435929721,115839371,551769092,1359
272402,1868,Settlers (Sold by Sulpicians),436202123,115566969,551769092,1360
384521,1868,Settlers (Sold by Sulpicians),436586644,115182448,551769092,1361
459315,1868,Settlers (Sold by Sulpicians),437045959,114723133,551769092,1362
264743,1868,Settlers (Sold by Sulpicians),437310702,114458390,551769092,1363
310265,1868,Settlers (Sold by Sulpicians),437620967,114148125,551769092,1364
226002,1868,Settlers (Sold by Sulpicians),437846969,113922123,551769092,1365
234873,1868,Settlers (Sold by Sulpicians),438081842,113687250,551769092,1366
269591,1868,Settlers (Sold by Sulpicians),438351433,113417659,551769092,1367
194829,1870,Settlers (Sold by Sulpicians),438546262,113222830,551769092,1368
170768,1870,Settlers (Sold by Sulpicians),438717030,113052062,551769092,1369
217649,1870,Settlers (Sold by Sulpicians),438934679,112834413,551769092,1370
207483,1870,Settlers (Sold by Sulpicians),439142162,112626930,551769092,1371
211127,1870,Settlers (Sold by Sulpicians),439353289,112415803,551769092,1372
190742,1870,Settlers (Sold by Sulpicians),439544031,112225061,551769092,1373
194761,1870,Settlers (Sold by Sulpicians),439738792,112030300,551769092,1374
188231,1870,Settlers (Sold by Sulpicians),439927023,111842069,551769092,1375
148372,1870,Settlers (Sold by Sulpicians),440075395,111693697,551769092,1376
169260,1870,Settlers (Sold by Sulpicians),440244655,111524437,551769092,1377
148869,1870,Settlers (Sold by Sulpicians),440393524,111375568,551769092,1378
139062,1870,Settlers (Sold by Sulpicians),440532586,111236506,551769092,1379
157323,1870,Settlers (Sold by Sulpicians),440689909,111079183,551769092,1380
161610,1870,Settlers (Sold by Sulpicians),440851519,110917573,551769092,1381
132005,1870,Settlers (Sold by Sulpicians),440983524,110785568,551769092,1382
239996,1870,Settlers (Sold by Sulpicians),441223520,110545572,551769092,1383
211935,1870,Settlers (Sold by Sulpicians),441435455,110333637,551769092,1384
224124,1870,Settlers (Sold by Sulpicians),441659579,110109513,551769092,1385
243257,1870,Settlers (Sold by Sulpicians),441902836,109866256,551769092,1386
200120,1870,Settlers (Sold by Sulpicians),442102956,109666136,551769092,1387
196463,1870,Settlers (Sold by Sulpicians),442299419,109469673,551769092,1388
334478,1870,Settlers (Sold by Sulpicians),442633897,109135195,551769092,1389
323649,1870,Settlers (Sold by Sulpicians),442957546,108811546,551769092,1390
169450,1871,Settlers (Sold by Sulpicians),443126996,108642096,551769092,1391
139159,1871,Settlers (Sold by Sulpicians),443266155,108502937,551769092,1392
113493,1871,Settlers (Sold by Sulpicians),443379648,108389444,551769092,1393
98882,1871,Settlers (Sold by Sulpicians),443478530,108290562,551769092,1394
1012450,1871,Settlers (Sold by Sulpicians),444490980,107278112,551769092,1395
347028,1871,Settlers (Sold by Sulpicians),444838008,106931084,551769092,1396
3378613,1871,Settlers (Sold by Sulpicians),448216621,103552471,551769092,1397
158107,1871,Settlers (Sold by Sulpicians),448374728,103394364,551769092,1398
145726,1871,Settlers (Sold by Sulpicians),448520454,103248638,551769092,1399
169798,1871,Settlers (Sold by Sulpicians),448690252,103078840,551769092,1400
143117,1871,Settlers (Sold by Sulpicians),448833369,102935723,551769092,1401
169308,1871,Settlers (Sold by Sulpicians),449002677,102766415,551769092,1402
165077,1871,Settlers (Sold by Sulpicians),449167754,102601338,551769092,1403
388635,1871,Settlers (Sold by Sulpicians),449556389,102212703,551769092,1404
280121,1871,Settlers (Sold by Sulpicians),449836510,101932582,551769092,1405
266020,1871,Settlers (Sold by Sulpicians),450102530,101666562,551769092,1406
332676,1871,Settlers (Sold by Sulpicians),450435206,101333886,551769092,1407
323837,1871,Settlers (Sold by Sulpicians),450759043,101010049,551769092,1408
332550,1871,Settlers (Sold by Sulpicians),451091593,100677499,551769092,1409
154923,1871,Settlers (Sold by Sulpicians),451246516,100522576,551769092,1410
210161,1871,Settlers (Sold by Sulpicians),451456677,100312415,551769092,1411
161188,1871,Settlers (Sold by Sulpicians),451617865,100151227,551769092,1412
218272,1871,Settlers (Sold by Sulpicians),451836137,99932955,551769092,1413
194405,1871,Settlers (Sold by Sulpicians),452030542,99738550,551769092,1414
208231,1871,Settlers (Sold by Sulpicians),452238773,99530319,551769092,1415
1379054,1871,Settlers (Sold by Sulpicians),453617827,98151265,551769092,1416
254903,1871,Settlers (Sold by Sulpicians),453872730,97896362,551769092,1417
507758,1871,Settlers (Sold by Sulpicians),454380488,97388604,551769092,1418
301017,1871,Settlers (Sold by Sulpicians),454681505,97087587,551769092,1419
243734,1871,Settlers (Sold by Sulpicians),454925239,96843853,551769092,1420
241558,1871,Settlers (Sold by Sulpicians),455166797,96602295,551769092,1421
336673,1871,Settlers (Sold by Sulpicians),455503470,96265622,551769092,1422
267994,1871,Settlers (Sold by Sulpicians),455771464,95997628,551769092,1423
368170,1871,Settlers (Sold by Sulpicians),456139634,95629458,551769092,1424
384955,1871,Settlers (Sold by Sulpicians),456524589,95244503,551769092,1425
304183,1871,Settlers (Sold by Sulpicians),456828772,94940320,551769092,1426
261560,1871,Settlers (Sold by Sulpicians),457090332,94678760,551769092,1427
246419,1871,Settlers (Sold by Sulpicians),457336751,94432341,551769092,1428
187435,1871,Settlers (Sold by Sulpicians),457524186,94244906,551769092,1429
297471,1871,Settlers (Sold by Sulpicians),457821657,93947435,551769092,1430
274367,1871,Settlers (Sold by Sulpicians),458096024,93673068,551769092,1431
187004,1871,Settlers (Sold by Sulpicians),458283028,93486064,551769092,1432
359084,1872,Settlers (Sold by Sulpicians),458642112,93126980,551769092,1433
368623,1872,Settlers (Sold by Sulpicians),459010735,92758357,551769092,1434
201931,1872,Settlers (Sold by Sulpicians),459212666,92556426,551769092,1435
199391,1872,Settlers (Sold by Sulpicians),459412057,92357035,551769092,1436
199817,1872,Settlers (Sold by Sulpicians),459611874,92157218,551769092,1437
252741,1872,Settlers (Sold by Sulpicians),459864615,91904477,551769092,1438
240885,1872,Settlers (Sold by Sulpicians),460105500,91663592,551769092,1439
286681,1872,Settlers (Sold by Sulpicians),460392181,91376911,551769092,1440
117086,1872,Settlers (Sold by Sulpicians),460509267,91259825,551769092,1441
267592,1873,Settlers (Sold by Sulpicians),460776859,90992233,551769092,1442
190189,1873,Settlers (Sold by Sulpicians),460967048,90802044,551769092,1443
165037,1874,Settlers (Sold by Sulpicians),461132085,90637007,551769092,1444
177820,1874,Settlers (Sold by Sulpicians),461309905,90459187,551769092,1445
170390,1874,Settlers (Sold by Sulpicians),461480295,90288797,551769092,1446
178301,1874,Settlers (Sold by Sulpicians),461658596,90110496,551769092,1447
170049,1874,Settlers (Sold by Sulpicians),461828645,89940447,551769092,1448
95886,1874,Settlers (Sold by Sulpicians),461924531,89844561,551769092,1449
348386,1874,Settlers (Sold by Sulpicians),462272917,89496175,551769092,1450
161587,1874,Settlers (Sold by Sulpicians),462434504,89334588,551769092,1451
322592,1874,Settlers (Sold by Sulpicians),462757096,89011996,551769092,1452
276629,1874,Settlers (Sold by Sulpicians),463033725,88735367,551769092,1453
142180,1874,Settlers (Sold by Sulpicians),463175905,88593187,551769092,1454
137553,1874,Settlers (Sold by Sulpicians),463313458,88455634,551769092,1455
65909,1874,Settlers (Sold by Sulpicians),463379367,88389725,551769092,1456
257993,1874,Settlers (Sold by Sulpicians),463637360,88131732,551769092,1457
85730,1874,Settlers (Sold by Sulpicians),463723090,88046002,551769092,1458
216375,1874,Settlers (Sold by Sulpicians),463939465,87829627,551769092,1459
1142,1874,Settlers (Sold by Sulpicians),463940607,87828485,551769092,1460
1138,1874,Settlers (Sold by Sulpicians),463941745,87827347,551769092,1461
1143,1874,Settlers (Sold by Sulpicians),463942888,87826204,551769092,1462
1151,1874,Settlers (Sold by Sulpicians),463944039,87825053,551769092,1463
861,1874,Settlers (Sold by Sulpicians),463944900,87824192,551769092,1464
1147,1874,Settlers (Sold by Sulpicians),463946047,87823045,551769092,1465
895,1874,Settlers (Sold by Sulpicians),463946942,87822150,551769092,1466
162176,1874,Settlers (Sold by Sulpicians),464109118,87659974,551769092,1467
255695,1874,Settlers (Sold by Sulpicians),464364813,87404279,551769092,1468
169618,1875,Settlers (Sold by Sulpicians),464534431,87234661,551769092,1469
162478,1875,Settlers (Sold by Sulpicians),464696909,87072183,551769092,1470
159611,1875,Settlers (Sold by Sulpicians),464856520,86912572,551769092,1471
167696,1875,Settlers (Sold by Sulpicians),465024216,86744876,551769092,1472
177751,1875,Settlers (Sold by Sulpicians),465201967,86567125,551769092,1473
151463,1875,Settlers (Sold by Sulpicians),465353430,86415662,551769092,1474
350162,1875,Settlers (Sold by Sulpicians),465703592,86065500,551769092,1475
334567,1875,Settlers (Sold by Sulpicians),466038159,85730933,551769092,1476
68583,1875,Settlers (Sold by Sulpicians),466106742,85662350,551769092,1477
117218,1875,Settlers (Sold by Sulpicians),466223960,85545132,551769092,1478
39706,1875,Settlers (Sold by Sulpicians),466263666,85505426,551769092,1479
46397,1875,Settlers (Sold by Sulpicians),466310063,85459029,551769092,1480
67966,1875,Settlers (Sold by Sulpicians),466378029,85391063,551769092,1481
141760,1875,Settlers (Sold by Sulpicians),466519789,85249303,551769092,1482
40877,1875,Settlers (Sold by Sulpicians),466560666,85208426,551769092,1483
97017,1875,Settlers (Sold by Sulpicians),466657683,85111409,551769092,1484
86830,1875,Settlers (Sold by Sulpicians),466744513,85024579,551769092,1485
89117,1875,Settlers (Sold by Sulpicians),466833630,84935462,551769092,1486
1156,1875,Settlers (Sold by Sulpicians),466834786,84934306,551769092,1487
1053,1875,Settlers (Sold by Sulpicians),466835839,84933253,551769092,1488
1050,1875,Settlers (Sold by Sulpicians),466836889,84932203,551769092,1489
786,1875,Settlers (Sold by Sulpicians),466837675,84931417,551769092,1490
797,1875,Settlers (Sold by Sulpicians),466838472,84930620,551769092,1491
931,1875,Settlers (Sold by Sulpicians),466839403,84929689,551769092,1492
849,1875,Settlers (Sold by Sulpicians),466840252,84928840,551769092,1493
944,1875,Settlers (Sold by Sulpicians),466841196,84927896,551769092,1494
629,1875,Settlers (Sold by Sulpicians),466841825,84927267,551769092,1495
851,1875,Settlers (Sold by Sulpicians),466842676,84926416,551769092,1496
688,1875,Settlers (Sold by Sulpicians),466843364,84925728,551769092,1497
564,1875,Settlers (Sold by Sulpicians),466843928,84925164,551769092,1498
1173,1875,Settlers (Sold by Sulpicians),466845101,84923991,551769092,1499
1950,1875,Settlers (Sold by Sulpicians),466847051,84922041,551769092,1500
1207,1875,Settlers (Sold by Sulpicians),466848258,84920834,551769092,1501
828,1875,Settlers (Sold by Sulpicians),466849086,84920006,551769092,1502
1393794,1875,Settlers (Sold by Sulpicians),468242880,83526212,551769092,1503
25838,1875,Settlers (Sold by Sulpicians),468268718,83500374,551769092,1504
245150,1875,Settlers (Sold by Sulpicians),468513868,83255224,551769092,1505
263382,1875,Settlers (Sold by Sulpicians),468777250,82991842,551769092,1506
166095,1875,Settlers (Sold by Sulpicians),468943345,82825747,551769092,1507
235421,1875,Settlers (Sold by Sulpicians),469178766,82590326,551769092,1508
590266,1875,Settlers (Sold by Sulpicians),469769032,82000060,551769092,1509
154707,1876,Settlers (Sold by Sulpicians),469923739,81845353,551769092,1510
164093,1876,Settlers (Sold by Sulpicians),470087832,81681260,551769092,1511
163800,1876,Settlers (Sold by Sulpicians),470251632,81517460,551769092,1512
164525,1876,Settlers (Sold by Sulpicians),470416157,81352935,551769092,1513
174431,1876,Settlers (Sold by Sulpicians),470590588,81178504,551769092,1514
175033,1876,Settlers (Sold by Sulpicians),470765621,81003471,551769092,1515
182261,1876,Settlers (Sold by Sulpicians),470947882,80821210,551769092,1516
76877,1876,Settlers (Sold by Sulpicians),471024759,80744333,551769092,1517
172051,1876,Settlers (Sold by Sulpicians),471196810,80572282,551769092,1518
54207,1876,Settlers (Sold by Sulpicians),471251017,80518075,551769092,1519
49150,1876,Settlers (Sold by Sulpicians),471300167,80468925,551769092,1520
159248,1876,Settlers (Sold by Sulpicians),471459415,80309677,551769092,1521
191969,1876,Settlers (Sold by Sulpicians),471651384,80117708,551769092,1522
151305,1876,Settlers (Sold by Sulpicians),471802689,79966403,551769092,1523
151610,1876,Settlers (Sold by Sulpicians),471954299,79814793,551769092,1524
147708,1876,Settlers (Sold by Sulpicians),472102007,79667085,551769092,1525
141221,1876,Settlers (Sold by Sulpicians),472243228,79525864,551769092,1526
45042,1876,Settlers (Sold by Sulpicians),472288270,79480822,551769092,1527
41660,1876,Settlers (Sold by Sulpicians),472329930,79439162,551769092,1528
47515,1876,Settlers (Sold by Sulpicians),472377445,79391647,551769092,1529
237321,1876,Settlers (Sold by Sulpicians),472614766,79154326,551769092,1530
240820,1876,Settlers (Sold by Sulpicians),472855586,78913506,551769092,1531
235571,1876,Settlers (Sold by Sulpicians),473091157,78677935,551769092,1532
235097,1876,Settlers (Sold by Sulpicians),473326254,78442838,551769092,1533
154961,1876,Settlers (Sold by Sulpicians),473481215,78287877,551769092,1534
174139,1876,Settlers (Sold by Sulpicians),473655354,78113738,551769092,1535
301700,1876,Settlers (Sold by Sulpicians),473957054,77812038,551769092,1536
244288,1876,Settlers (Sold by Sulpicians),474201342,77567750,551769092,1537
87316,1876,Settlers (Sold by Sulpicians),474288658,77480434,551769092,1538
72075,1876,Settlers (Sold by Sulpicians),474360733,77408359,551769092,1539
84963,1876,Settlers (Sold by Sulpicians),474445696,77323396,551769092,1540
252601,1876,Settlers (Sold by Sulpicians),474698297,77070795,551769092,1541
157580,1876,Settlers (Sold by Sulpicians),474855877,76913215,551769092,1542
152222,1876,Settlers (Sold by Sulpicians),475008099,76760993,551769092,1543
153649,1876,Settlers (Sold by Sulpicians),475161748,76607344,551769092,1544
245060,1876,Settlers (Sold by Sulpicians),475406808,76362284,551769092,1545
187279,1876,Settlers (Sold by Sulpicians),475594087,76175005,551769092,1546
243135,1876,Settlers (Sold by Sulpicians),475837222,75931870,551769092,1547
1112,1876,Settlers (Sold by Sulpicians),475838334,75930758,551769092,1548
833,1876,Settlers (Sold by Sulpicians),475839167,75929925,551769092,1549
670,1876,Settlers (Sold by Sulpicians),475839837,75929255,551769092,1550
1357,1876,Settlers (Sold by Sulpicians),475841194,75927898,551769092,1551
1193,1876,Settlers (Sold by Sulpicians),475842387,75926705,551769092,1552
1668,1876,Settlers (Sold by Sulpicians),475844055,75925037,551769092,1553
887,1876,Settlers (Sold by Sulpicians),475844942,75924150,551769092,1554
33318,1876,Settlers (Sold by Sulpicians),475878260,75890832,551769092,1555
423406,1876,Settlers (Sold by Sulpicians),476301666,75467426,551769092,1556
467481,1876,Settlers (Sold by Sulpicians),476769147,74999945,551769092,1557
365817,1876,Settlers (Sold by Sulpicians),477134964,74634128,551769092,1558
344301,1876,Settlers (Sold by Sulpicians),477479265,74289827,551769092,1559
304770,1876,Settlers (Sold by Sulpicians),477784035,73985057,551769092,1560
152928,1877,Settlers (Sold by Sulpicians),477936963,73832129,551769092,1561
167546,1877,Settlers (Sold by Sulpicians),478104509,73664583,551769092,1562
190119,1877,Settlers (Sold by Sulpicians),478294628,73474464,551769092,1563
149829,1877,Settlers (Sold by Sulpicians),478444457,73324635,551769092,1564
122378,1877,Settlers (Sold by Sulpicians),478566835,73202257,551769092,1565
134028,1877,Settlers (Sold by Sulpicians),478700863,73068229,551769092,1566
188757,1877,Settlers (Sold by Sulpicians),478889620,72879472,551769092,1567
75388,1877,Settlers (Sold by Sulpicians),478965008,72804084,551769092,1568
74325,1877,Settlers (Sold by Sulpicians),479039333,72729759,551769092,1569
75798,1877,Settlers (Sold by Sulpicians),479115131,72653961,551769092,1570
74773,1877,Settlers (Sold by Sulpicians),479189904,72579188,551769092,1571
151340,1877,Settlers (Sold by Sulpicians),479341244,72427848,551769092,1572
377513,1877,Settlers (Sold by Sulpicians),479718757,72050335,551769092,1573
162859,1878,Settlers (Sold by Sulpicians),479881616,71887476,551769092,1574
233336,1878,Settlers (Sold by Sulpicians),480114952,71654140,551769092,1575
229319,1878,Settlers (Sold by Sulpicians),480344271,71424821,551769092,1576
277945,1878,Settlers (Sold by Sulpicians),480622216,71146876,551769092,1577
288023,1878,Settlers (Sold by Sulpicians),480910239,70858853,551769092,1578
292643,1878,Settlers (Sold by Sulpicians),481202882,70566210,551769092,1579
267939,1878,Settlers (Sold by Sulpicians),481470821,70298271,551769092,1580
214686,1878,Settlers (Sold by Sulpicians),481685507,70083585,551769092,1581
161097,1878,Settlers (Sold by Sulpicians),481846604,69922488,551769092,1582
134530,1878,Settlers (Sold by Sulpicians),481981134,69787958,551769092,1583
154250,1878,Settlers (Sold by Sulpicians),482135384,69633708,551769092,1584
98064,1878,Settlers (Sold by Sulpicians),482233448,69535644,551769092,1585
311162,1878,Settlers (Sold by Sulpicians),482544610,69224482,551769092,1586
507,1878,Settlers (Sold by Sulpicians),482545117,69223975,551769092,1587
876,1878,Settlers (Sold by Sulpicians),482545993,69223099,551769092,1588
1334,1878,Settlers (Sold by Sulpicians),482547327,69221765,551769092,1589
114416,1878,Settlers (Sold by Sulpicians),482661743,69107349,551769092,1590
121702,1878,Settlers (Sold by Sulpicians),482783445,68985647,551769092,1591
229107,1878,Settlers (Sold by Sulpicians),483012552,68756540,551769092,1592
150257,1878,Settlers (Sold by Sulpicians),483162809,68606283,551769092,1593
277562,1878,Settlers (Sold by Sulpicians),483440371,68328721,551769092,1594
149022,1879,Settlers (Sold by Sulpicians),483589393,68179699,551769092,1595
175850,1879,Settlers (Sold by Sulpicians),483765243,68003849,551769092,1596
185746,1879,Settlers (Sold by Sulpicians),483950989,67818103,551769092,1597
85703,1879,Settlers (Sold by Sulpicians),484036692,67732400,551769092,1598
177536,1879,Settlers (Sold by Sulpicians),484214228,67554864,551769092,1599
304233,1879,Settlers (Sold by Sulpicians),484518461,67250631,551769092,1600
1360,1879,Settlers (Sold by Sulpicians),484519821,67249271,551769092,1601
196,1879,Settlers (Sold by Sulpicians),484520017,67249075,551769092,1602
925,1879,Settlers (Sold by Sulpicians),484520942,67248150,551769092,1603
150186,1879,Settlers (Sold by Sulpicians),484671128,67097964,551769092,1604
219943,1879,Settlers (Sold by Sulpicians),484891071,66878021,551769092,1605
47551,1880,Settlers (Sold by Sulpicians),484938622,66830470,551769092,1606
90496,1880,Settlers (Sold by Sulpicians),485029118,66739974,551769092,1607
1188,1880,Settlers (Sold by Sulpicians),485030306,66738786,551769092,1608
800,1880,Settlers (Sold by Sulpicians),485031106,66737986,551769092,1609
783,1880,Settlers (Sold by Sulpicians),485031889,66737203,551769092,1610
2901,1880,Settlers (Sold by Sulpicians),485034790,66734302,551769092,1611
2078,1880,Settlers (Sold by Sulpicians),485036868,66732224,551769092,1612
249,1880,Settlers (Sold by Sulpicians),485037117,66731975,551769092,1613
520283,1880,Settlers (Sold by Sulpicians),485557400,66211692,551769092,1614
130935,1880,Settlers (Sold by Sulpicians),485688335,66080757,551769092,1615
158563,1881,Settlers (Sold by Sulpicians),485846898,65922194,551769092,1616
237834,1881,Settlers (Sold by Sulpicians),486084732,65684360,551769092,1617
85124,1881,Settlers (Sold by Sulpicians),486169856,65599236,551769092,1618
8950,1881,Settlers (Sold by Sulpicians),486178806,65590286,551769092,1619
38343,1881,Settlers (Sold by Sulpicians),486217149,65551943,551769092,1620
576,1881,Settlers (Sold by Sulpicians),486217725,65551367,551769092,1621
10058442,1881,Settlers (Sold by Sulpicians),496276167,55492925,551769092,1622
536219,1881,Settlers (Sold by Sulpicians),496812386,54956706,551769092,1623
246498,1881,Settlers (Sold by Sulpicians),497058884,54710208,551769092,1624
113178,1881,Settlers (Sold by Sulpicians),497172062,54597030,551769092,1625
178451,1881,Settlers (Sold by Sulpicians),497350513,54418579,551769092,1626
249152,1881,Settlers (Sold by Sulpicians),497599665,54169427,551769092,1627
335340,1881,Settlers (Sold by Sulpicians),497935005,53834087,551769092,1628
9892,1882,Settlers (Sold by Sulpicians),497944897,53824195,551769092,1629
1038,1882,Settlers (Sold by Sulpicians),497945935,53823157,551769092,1630
2421,1882,Settlers (Sold by Sulpicians),497948356,53820736,551769092,1631
642,1882,Settlers (Sold by Sulpicians),497948998,53820094,551769092,1632
3135331,1882,Settlers (Sold by Sulpicians),501084329,50684763,551769092,1633
5275479,1882,Settlers (Sold by Sulpicians),506359808,45409284,551769092,1634
192888,1882,Settlers (Sold by Sulpicians),506552696,45216396,551769092,1635
232581,1882,Settlers (Sold by Sulpicians),506785277,44983815,551769092,1636
268117,1882,Settlers (Sold by Sulpicians),507053394,44715698,551769092,1637
236666,1883,Settlers (Sold by Sulpicians),507290060,44479032,551769092,1638
1421,1883,Settlers (Sold by Sulpicians),507291481,44477611,551769092,1639
1340,1883,Settlers (Sold by Sulpicians),507292821,44476271,551769092,1640
588,1883,Settlers (Sold by Sulpicians),507293409,44475683,551769092,1641
3435,1883,Settlers (Sold by Sulpicians),507296844,44472248,551769092,1642
256,1883,Settlers (Sold by Sulpicians),507297100,44471992,551769092,1643
1007,1883,Settlers (Sold by Sulpicians),507298107,44470985,551769092,1644
1169,1883,Settlers (Sold by Sulpicians),507299276,44469816,551769092,1645
667352,1883,Settlers (Sold by Sulpicians),507966628,43802464,551769092,1646
291067,1883,Settlers (Sold by Sulpicians),508257695,43511397,551769092,1647
835,1884,Settlers (Sold by Sulpicians),508258530,43510562,551769092,1648
835,1884,Settlers (Sold by Sulpicians),508259365,43509727,551769092,1649
798,1884,Settlers (Sold by Sulpicians),508260163,43508929,551769092,1650
273109,1884,Settlers (Sold by Sulpicians),508533272,43235820,551769092,1651
3630,1885,Settlers (Sold by Sulpicians),508536902,43232190,551769092,1652
810,1885,Settlers (Sold by Sulpicians),508537712,43231380,551769092,1653
250124,1885,Settlers (Sold by Sulpicians),508787836,42981256,551769092,1654
175779,1885,Settlers (Sold by Sulpicians),508963615,42805477,551769092,1655
209866,1885,Settlers (Sold by Sulpicians),509173481,42595611,551769092,1656
377946,1885,Settlers (Sold by Sulpicians),509551427,42217665,551769092,1657
60355,1887,Settlers (Sold by Sulpicians),509611782,42157310,551769092,1658
1579514,1887,Settlers (Sold by Sulpicians),511191296,40577796,551769092,1659
557593,1887,Settlers (Sold by Sulpicians),511748889,40020203,551769092,1660
206703,1887,Settlers (Sold by Sulpicians),511955592,39813500,551769092,1661
164349,1887,Settlers (Sold by Sulpicians),512119941,39649151,551769092,1662
130347,1887,Settlers (Sold by Sulpicians),512250288,39518804,551769092,1663
541221,1887,Settlers (Sold by Sulpicians),512791509,38977583,551769092,1664
138565,1887,Settlers (Sold by Sulpicians),512930074,38839018,551769092,1665
4149,1887,Settlers (Sold by Sulpicians),512934223,38834869,551769092,1666
1794,1887,Settlers (Sold by Sulpicians),512936017,38833075,551769092,1667
837,1887,Settlers (Sold by Sulpicians),512936854,38832238,551769092,1668
904527,1887,Settlers (Sold by Sulpicians),513841381,37927711,551769092,1669
281764,1887,Settlers (Sold by Sulpicians),514123145,37645947,551769092,1670
235831,1888,Settlers (Sold by Sulpicians),514358976,37410116,551769092,1671
405,1888,Settlers (Sold by Sulpicians),514359381,37409711,551769092,1672
309191,1888,Settlers (Sold by Sulpicians),514668572,37100520,551769092,1673
250254,1888,Settlers (Sold by Sulpicians),514918826,36850266,551769092,1674
224551,1888,Settlers (Sold by Sulpicians),515143377,36625715,551769092,1675
271127,1888,Settlers (Sold by Sulpicians),515414504,36354588,551769092,1676
121180,1889,Settlers (Sold by Sulpicians),515535684,36233408,551769092,1677
152978,1889,Settlers (Sold by Sulpicians),515688662,36080430,551769092,1678
157014,1889,Settlers (Sold by Sulpicians),515845676,35923416,551769092,1679
79507,1890,Settlers (Sold by Sulpicians),515925183,35843909,551769092,1680
589,1890,Settlers (Sold by Sulpicians),515925772,35843320,551769092,1681
777,1890,Settlers (Sold by Sulpicians),515926549,35842543,551769092,1682
893,1890,Settlers (Sold by Sulpicians),515927442,35841650,551769092,1683
567,1890,Settlers (Sold by Sulpicians),515928009,35841083,551769092,1684
1193,1890,Settlers (Sold by Sulpicians),515929202,35839890,551769092,1685
15950,1890,Settlers (Sold by Sulpicians),515945152,35823940,551769092,1686
42122,1890,Settlers (Sold by Sulpicians),515987274,35781818,551769092,1687
269313,1892,Settlers (Sold by Sulpicians),516256587,35512505,551769092,1688
927,1893,Settlers (Sold by Sulpicians),516257514,35511578,551769092,1689
1872,1894,Settlers (Sold by Sulpicians),516259386,35509706,551769092,1690
2383977,1895,Settlers (Sold by Sulpicians),518643363,33125729,551769092,1691
1099494,1895,Settlers (Sold by Sulpicians),519742857,32026235,551769092,1692
191257,1895,Settlers (Sold by Sulpicians),519934114,31834978,551769092,1693
146987,1895,Settlers (Sold by Sulpicians),520081101,31687991,551769092,1694
1958,1896,Settlers (Sold by Sulpicians),520083059,31686033,551769092,1695
170076,1897,Settlers (Sold by Sulpicians),520253135,31515957,551769092,1696
67002,1898,Settlers (Sold by Sulpicians),520320137,31448955,551769092,1697
18949,1900,Settlers (Sold by Sulpicians),520339086,31430006,551769092,1698
518608,1901,Settlers (Sold by Sulpicians),520857694,30911398,551769092,1699
158210,1902,Settlers (Sold by Sulpicians),521015904,30753188,551769092,1700
1072,1902,Settlers (Sold by Sulpicians),521016976,30752116,551769092,1701
2134,1902,Settlers (Sold by Sulpicians),521019110,30749982,551769092,1702
2894,1902,Settlers (Sold by Sulpicians),521022004,30747088,551769092,1703
1099,1902,Settlers (Sold by Sulpicians),521023103,30745989,551769092,1704
1053,1902,Settlers (Sold by Sulpicians),521024156,30744936,551769092,1705
432627,1902,Settlers (Sold by Sulpicians),521456783,30312309,551769092,1706
557005,1902,Settlers (Sold by Sulpicians),522013788,29755304,551769092,1707
164486,1903,Settlers (Sold by Sulpicians),522178274,29590818,551769092,1708
163412,1903,Settlers (Sold by Sulpicians),522341686,29427406,551769092,1709
161264,1903,Settlers (Sold by Sulpicians),522502950,29266142,551769092,1710
105379,1903,Settlers (Sold by Sulpicians),522608329,29160763,551769092,1711
347703,1903,Settlers (Sold by Sulpicians),522956032,28813060,551769092,1712
309424,1903,Settlers (Sold by Sulpicians),523265456,28503636,551769092,1713
1229,1903,Settlers (Sold by Sulpicians),523266685,28502407,551769092,1714
1247,1903,Settlers (Sold by Sulpicians),523267932,28501160,551769092,1715
565263,1903,Settlers (Sold by Sulpicians),523833195,27935897,551769092,1716
1382,1904,Settlers (Sold by Sulpicians),523834577,27934515,551769092,1717
28162,1905,Settlers (Sold by Sulpicians),523862739,27906353,551769092,1718
429963,1905,Settlers (Sold by Sulpicians),524292702,27476390,551769092,1719
240255,1906,Settlers (Sold by Sulpicians),524532957,27236135,551769092,1720
124039,1906,Settlers (Sold by Sulpicians),524656996,27112096,551769092,1721
252642,1906,Settlers (Sold by Sulpicians),524909638,26859454,551769092,1722
185923,1906,Settlers (Sold by Sulpicians),525095561,26673531,551769092,1723
895,1906,Settlers (Sold by Sulpicians),525096456,26672636,551769092,1724
747,1906,Settlers (Sold by Sulpicians),525097203,26671889,551769092,1725
444695,1907,Settlers (Sold by Sulpicians),525541898,26227194,551769092,1726
93171,1907,Settlers (Sold by Sulpicians),525635069,26134023,551769092,1727
159756,1908,Settlers (Sold by Sulpicians),525794825,25974267,551769092,1728
221406,1908,Settlers (Sold by Sulpicians),526016231,25752861,551769092,1729
237473,1908,Settlers (Sold by Sulpicians),526253704,25515388,551769092,1730
242107,1908,Settlers (Sold by Sulpicians),526495811,25273281,551769092,1731
300013,1908,Settlers (Sold by Sulpicians),526795824,24973268,551769092,1732
267021,1908,Settlers (Sold by Sulpicians),527062845,24706247,551769092,1733
311090,1908,Settlers (Sold by Sulpicians),527373935,24395157,551769092,1734
359304,1908,Settlers (Sold by Sulpicians),527733239,24035853,551769092,1735
288692,1908,Settlers (Sold by Sulpicians),528021931,23747161,551769092,1736
150996,1908,Settlers (Sold by Sulpicians),528172927,23596165,551769092,1737
2295,1908,Settlers (Sold by Sulpicians),528175222,23593870,551769092,1738
667,1908,Settlers (Sold by Sulpicians),528175889,23593203,551769092,1739
553,1908,Settlers (Sold by Sulpicians),528176442,23592650,551769092,1740
171524,1909,Settlers (Sold by Sulpicians),528347966,23421126,551769092,1741
143058,1909,Settlers (Sold by Sulpicians),528491024,23278068,551769092,1742
812,1910,Settlers (Sold by Sulpicians),528491836,23277256,551769092,1743
818,1910,Settlers (Sold by Sulpicians),528492654,23276438,551769092,1744
806,1910,Settlers (Sold by Sulpicians),528493460,23275632,551769092,1745
777,1910,Settlers (Sold by Sulpicians),528494237,23274855,551769092,1746
779,1912,Settlers (Sold by Sulpicians),528495016,23274076,551769092,1747
801,1912,Settlers (Sold by Sulpicians),528495817,23273275,551769092,1748
2171,1912,Settlers (Sold by Sulpicians),528497988,23271104,551769092,1749
2170,1912,Settlers (Sold by Sulpicians),528500158,23268934,551769092,1750
1653,1912,Settlers (Sold by Sulpicians),528501811,23267281,551769092,1751
1812,1912,Settlers (Sold by Sulpicians),528503623,23265469,551769092,1752
1935,1912,Settlers (Sold by Sulpicians),528505558,23263534,551769092,1753
1926,1912,Settlers (Sold by Sulpicians),528507484,23261608,551769092,1754
1990,1912,Settlers (Sold by Sulpicians),528509474,23259618,551769092,1755
2020,1912,Settlers (Sold by Sulpicians),528511494,23257598,551769092,1756
1330,1912,Settlers (Sold by Sulpicians),528512824,23256268,551769092,1757
2729,1912,Settlers (Sold by Sulpicians),528515553,23253539,551769092,1758
2094,1912,Settlers (Sold by Sulpicians),528517647,23251445,551769092,1759
1183,1913,Settlers (Sold by Sulpicians),528518830,23250262,551769092,1760
936,1913,Settlers (Sold by Sulpicians),528519766,23249326,551769092,1761
571,1913,Settlers (Sold by Sulpicians),528520337,23248755,551769092,1762
798,1913,Settlers (Sold by Sulpicians),528521135,23247957,551769092,1763
791,1913,Settlers (Sold by Sulpicians),528521926,23247166,551769092,1764
838,1913,Settlers (Sold by Sulpicians),528522764,23246328,551769092,1765
586,1913,Settlers (Sold by Sulpicians),528523350,23245742,551769092,1766
1920,1913,Settlers (Sold by Sulpicians),528525270,23243822,551769092,1767
1874,1913,Settlers (Sold by Sulpicians),528527144,23241948,551769092,1768
952,1913,Settlers (Sold by Sulpicians),528528096,23240996,551769092,1769
409533,1916,Settlers (Sold by Sulpicians),528937629,22831463,551769092,1770
167409,1916,Settlers (Sold by Sulpicians),529105038,22664054,551769092,1771
174469,1916,Settlers (Sold by Sulpicians),529279507,22489585,551769092,1772
307885,1916,Settlers (Sold by Sulpicians),529587392,22181700,551769092,1773
148204,1916,Settlers (Sold by Sulpicians),529735596,22033496,551769092,1774
264234,1916,Settlers (Sold by Sulpicians),529999830,21769262,551769092,1775
232199,1916,Settlers (Sold by Sulpicians),530232029,21537063,551769092,1776
142067,1916,Settlers (Sold by Sulpicians),530374096,21394996,551769092,1777
262069,1916,Settlers (Sold by Sulpicians),530636165,21132927,551769092,1778
243037,1916,Settlers (Sold by Sulpicians),530879202,20889890,551769092,1779
236688,1916,Settlers (Sold by Sulpicians),531115890,20653202,551769092,1780
145838,1916,Settlers (Sold by Sulpicians),531261728,20507364,551769092,1781
149949,1916,Settlers (Sold by Sulpicians),531411677,20357415,551769092,1782
148532,1916,Settlers (Sold by Sulpicians),531560209,20208883,551769092,1783
157867,1916,Settlers (Sold by Sulpicians),531718076,20051016,551769092,1784
190217,1916,Settlers (Sold by Sulpicians),531908293,19860799,551769092,1785
214406,1918,Settlers (Sold by Sulpicians),532122699,19646393,551769092,1786
263347,1918,Settlers (Sold by Sulpicians),532386046,19383046,551769092,1787
234985,1918,Settlers (Sold by Sulpicians),532621031,19148061,551769092,1788
1327,1918,Settlers (Sold by Sulpicians),532622358,19146734,551769092,1789
835,1918,Settlers (Sold by Sulpicians),532623193,19145899,551769092,1790
754,1918,Settlers (Sold by Sulpicians),532623947,19145145,551769092,1791
208456,1920,Settlers (Sold by Sulpicians),532832403,18936689,551769092,1792
129976,1920,Settlers (Sold by Sulpicians),532962379,18806713,551769092,1793
140433,1920,Settlers (Sold by Sulpicians),533102812,18666280,551769092,1794
641952,1921,Settlers (Sold by Sulpicians),533744764,18024328,551769092,1795
157014,1921,Settlers (Sold by Sulpicians),533901778,17867314,551769092,1796
312200,1922,Settlers (Sold by Sulpicians),534213978,17555114,551769092,1797
172653,1922,Settlers (Sold by Sulpicians),534386631,17382461,551769092,1798
498218,1922,Settlers (Sold by Sulpicians),534884849,16884243,551769092,1799
319445,1922,Settlers (Sold by Sulpicians),535204294,16564798,551769092,1800
138647,1925,Settlers (Sold by Sulpicians),535342941,16426151,551769092,1801
159989,1925,Settlers (Sold by Sulpicians),535502930,16266162,551769092,1802
105577,1925,Settlers (Sold by Sulpicians),535608507,16160585,551769092,1803
749,1925,Settlers (Sold by Sulpicians),535609256,16159836,551769092,1804
2363,1925,Settlers (Sold by Sulpicians),535611619,16157473,551769092,1805
1060,1925,Settlers (Sold by Sulpicians),535612679,16156413,551769092,1806
622,1930,Settlers (Sold by Sulpicians),535613301,16155791,551769092,1807
2181,1932,Settlers (Sold by Sulpicians),535615482,16153610,551769092,1808
797,1932,Settlers (Sold by Sulpicians),535616279,16152813,551769092,1809
906,1932,Settlers (Sold by Sulpicians),535617185,16151907,551769092,1810
1174,1932,Settlers (Sold by Sulpicians),535618359,16150733,551769092,1811
560575,1933,Settlers (Sold by Sulpicians),536178934,15590158,551769092,1812
1039,1933,Settlers (Sold by Sulpicians),536179973,15589119,551769092,1813
193577,1936,Settlers (Sold by Sulpicians),536373550,15395542,551769092,1814
144392,1936,Settlers (Sold by Sulpicians),536517942,15251150,551769092,1815
184882,1936,Settlers (Sold by Sulpicians),536702824,15066268,551769092,1816
169629,1936,Settlers (Sold by Sulpicians),536872453,14896639,551769092,1817
723279,1936,Settlers (Sold by Sulpicians),537595732,14173360,551769092,1818
261101,1936,Settlers (Sold by Sulpicians),537856833,13912259,551769092,1819
231447,1936,Settlers (Sold by Sulpicians),538088280,13680812,551769092,1820
370855,1936,Settlers (Sold by Sulpicians),538459135,13309957,551769092,1821
357798,1936,Settlers (Sold by Sulpicians),538816933,12952159,551769092,1822
298714,1936,Settlers (Sold by Sulpicians),539115647,12653445,551769092,1823
459395,1936,Settlers (Sold by Sulpicians),539575042,12194050,551769092,1824
372,1939,Settlers (Sold by Sulpicians),539575414,12193678,551769092,1825
842,1939,Settlers (Sold by Sulpicians),539576256,12192836,551769092,1826
310803,1945,Settlers (Sold by Sulpicians),539887059,11882033,551769092,1827
532,1945,Settlers (Sold by Sulpicians),539887591,11881501,551769092,1828
1440,1960,Settlers (Sold by Sulpicians),539889031,11880061,551769092,1829
3619,1925,Kanehsata'kerón (Kanehsatake),539885412,11883680,551769092,1830
2225771,1945,Kanehsata'kerón (Kanehsatake),537659641,14109451,551769092,1831
6276472,1945,Kanehsata'kerón (Kanehsatake),531383169,20385923,551769092,1832
5342,1958,Kanehsata'kerón (Kanehsatake),531377827,20391265,551769092,1833
50060,1961,Kanehsata'kerón (Kanehsatake),531327768,20441324,551769092,1834
80128,1966,Kanehsata'kerón (Kanehsatake),531247640,20521452,551769092,1835
12302,1972,Kanehsata'kerón (Kanehsatake),531235337,20533755,551769092,1836
1052,1974,Kanehsata'kerón (Kanehsatake),531234285,20534807,551769092,1837
16228,1985,Kanehsata'kerón (Kanehsatake),531218057,20551035,551769092,1838
26993,1986,Kanehsata'kerón (Kanehsatake),531191065,20578027,551769092,1839
431800,1990,Kanehsata'kerón (Kanehsatake),530759265,21009827,551769092,1840
277169,1992,Kanehsata'kerón (Kanehsatake),530482096,21286996,551769092,1841
1506361,1993,Kanehsata'kerón (Kanehsatake),528975735,22793357,551769092,1842
103883,1994,Kanehsata'kerón (Kanehsatake),528871852,22897240,551769092,1843
122579,1995,Kanehsata'kerón (Kanehsatake),528749273,23019819,551769092,1844
384101,1996,Kanehsata'kerón (Kanehsatake),528365172,23403920,551769092,1845
11285,1997,Kanehsata'kerón (Kanehsatake),528353887,23415205,551769092,1846
344916,2007,Kanehsata'kerón (Kanehsatake),528008971,23760121,551769092,1847